2.5000000000e-02  0.0000000000e+00  0.0000000000e+00
7.5000000000e-02  0.0000000000e+00  0.0000000000e+00
1.2500000000e-01  0.0000000000e+00  0.0000000000e+00
1.7500000000e-01  0.0000000000e+00  0.0000000000e+00
2.2500000000e-01  0.0000000000e+00  0.0000000000e+00
2.7500000000e-01  0.0000000000e+00  0.0000000000e+00
3.2500000000e-01  0.0000000000e+00  0.0000000000e+00
3.7500000000e-01  0.0000000000e+00  0.0000000000e+00
4.2500000000e-01  0.0000000000e+00  0.0000000000e+00
4.7500000000e-01  0.0000000000e+00  0.0000000000e+00
5.2500000000e-01  0.0000000000e+00  0.0000000000e+00
5.7500000000e-01  0.0000000000e+00  0.0000000000e+00
6.2500000000e-01  0.0000000000e+00  0.0000000000e+00
6.7500000000e-01  0.0000000000e+00  0.0000000000e+00
7.2500000000e-01  0.0000000000e+00  0.0000000000e+00
7.7500000000e-01  0.0000000000e+00  0.0000000000e+00
8.2500000000e-01  0.0000000000e+00  0.0000000000e+00
8.7500000000e-01  0.0000000000e+00  0.0000000000e+00
9.2500000000e-01  0.0000000000e+00  0.0000000000e+00
9.7500000000e-01  0.0000000000e+00  0.0000000000e+00
1.0250000000e+00  0.0000000000e+00  0.0000000000e+00
1.0750000000e+00  0.0000000000e+00  0.0000000000e+00
1.1250000000e+00  0.0000000000e+00  0.0000000000e+00
1.1750000000e+00  0.0000000000e+00  0.0000000000e+00
1.2250000000e+00  0.0000000000e+00  0.0000000000e+00
1.2750000000e+00  0.0000000000e+00  0.0000000000e+00
1.3250000000e+00  0.0000000000e+00  0.0000000000e+00
1.3750000000e+00  3.6617141510e-04  1.1569013526e-03
1.4250000000e+00  2.4717321794e-03  7.5331265861e-03
1.4750000000e+00  4.1367132252e-03  1.0465413579e-02
1.5250000000e+00  1.8530982826e-02  4.5821852575e-02
1.5750000000e+00  3.6211579300e-02  7.8261081036e-02
1.6250000000e+00  6.9346152684e-02  1.3538480308e-01
1.6750000000e+00  1.2122114485e-01  2.1113572764e-01
1.7250000000e+00  1.9485605236e-01  2.8775133336e-01
1.7750000000e+00  2.9736530275e-01  3.8192348504e-01
1.8250000000e+00  3.9583004006e-01  5.5701149919e-01
1.8750000000e+00  4.0124259113e-01  5.1965547593e-01
1.9250000000e+00  3.9599091818e-01  5.5906805126e-01
1.9750000000e+00  4.7441557905e+00  3.4511524074e+00
2.0250000000e+00  2.7524521527e-01  3.7844775299e-01
2.0750000000e+00  2.2692608869e-01  2.9100122456e-01
2.1250000000e+00  2.0828568650e-01  2.7435913749e-01
2.1750000000e+00  1.9955158532e-01  2.6760670631e-01
2.2250000000e+00  1.9638296578e-01  2.6696123560e-01
2.2750000000e+00  2.0898154634e-01  2.8468235596e-01
2.3250000000e+00  2.3041258680e-01  3.1247277785e-01
2.3750000000e+00  2.6423358560e-01  3.5644602444e-01
2.4250000000e+00  3.0710695922e-01  4.0714121862e-01
2.4750000000e+00  3.6475824798e-01  4.7530044565e-01
2.5250000000e+00  4.2872407927e-01  5.4768781768e-01
2.5750000000e+00  4.8728620010e-01  6.1402019160e-01
2.6250000000e+00  5.8045467037e-01  7.1793520944e-01
2.6750000000e+00  6.9589264485e-01  8.4877018637e-01
2.7250000000e+00  7.8052710727e+00  5.0726179764e+00
2.7750000000e+00  7.8667547037e-01  9.9479030690e-01
2.8250000000e+00  7.7529870019e-01  9.6701811923e-01
2.8750000000e+00  7.8793546062e-01  1.0806978681e+00
2.9250000000e+00  6.7477766827e+00  4.4062552517e+00
2.9750000000e+00  5.7050537310e-01  7.0415278598e-01
3.0250000000e+00  4.9743893221e-01  6.2417157670e-01
3.0750000000e+00  4.5164774565e-01  5.7478697647e-01
3.1250000000e+00  4.2286566437e-01  5.4407686227e-01
3.1750000000e+00  4.0122152184e-01  5.1222917832e-01
3.2250000000e+00  4.0566916766e-01  5.0916868011e-01
3.2750000000e+00  4.1261347820e-01  5.1003754157e-01
3.3250000000e+00  5.1421519028e+00  3.5045957246e+00
3.3750000000e+00  4.6737574680e-01  6.6868387225e-01
3.4250000000e+00  4.1534769379e-01  5.3268435128e-01
3.4750000000e+00  3.4183186898e-01  4.1678914072e-01
3.5250000000e+00  2.9356153403e-01  3.7919272368e-01
3.5750000000e+00  2.7327294876e-01  3.6279321078e-01
3.6250000000e+00  2.7052844694e-01  3.6721062754e-01
3.6750000000e+00  2.7687929435e-01  3.7614195067e-01
3.7250000000e+00  3.1832097419e-01  4.2375116971e-01
3.7750000000e+00  3.7400321377e-01  4.7689095719e-01
3.8250000000e+00  1.6371254508e+00  4.9557574043e-01
3.8750000000e+00  5.5305764216e-01  6.7897109344e-01
3.9250000000e+00  3.9802891252e+00  2.1952870036e+00
3.9750000000e+00  6.1605551480e-01  8.5238911135e-01
4.0250000000e+00  3.7440071034e+00  2.1286693553e+00
4.0750000000e+00  4.3916639213e-01  5.3229940913e-01
4.1250000000e+00  3.4283104942e-01  4.2197912060e-01
4.1750000000e+00  2.8110510553e-01  3.6303741810e-01
4.2250000000e+00  2.3012926002e-01  3.0420932482e-01
4.2750000000e+00  1.9785131816e-01  2.6864951670e-01
4.3250000000e+00  1.7295502080e-01  2.4054113095e-01
4.3750000000e+00  1.6197078577e-01  2.2838894920e-01
4.4250000000e+00  1.7283739605e-01  2.4504966208e-01
4.4750000000e+00  1.9978469201e-01  2.7368169443e-01
4.5250000000e+00  2.5070519206e-01  3.3550715257e-01
4.5750000000e+00  3.1850026898e-01  4.0478960630e-01
4.6250000000e+00  4.1002417952e-01  4.9286654204e-01
4.6750000000e+00  5.0195243062e-01  6.0534361930e-01
4.7250000000e+00  5.5685177283e-01  6.7842569039e-01
4.7750000000e+00  2.8663261579e+00  1.2660849831e+00
4.8250000000e+00  5.1147086385e+00  3.0754504895e+00
4.8750000000e+00  1.3441584466e+00  2.3528998109e-01
4.9250000000e+00  5.4299369750e-01  6.6396513299e-01
4.9750000000e+00  5.1745505942e-01  6.4450470416e-01
5.0250000000e+00  5.3146144685e-01  6.3432555706e-01
5.0750000000e+00  5.5959652470e-01  7.3119109191e-01
5.1250000000e+00  4.4680906079e+00  2.7848655049e+00
5.1750000000e+00  4.4197266376e-01  5.4055717225e-01
5.2250000000e+00  4.1121792910e-01  5.1784752522e-01
5.2750000000e+00  3.9440841710e-01  5.0156515099e-01
5.3250000000e+00  3.8961862922e-01  4.9504892667e-01
5.3750000000e+00  3.9496733417e-01  4.9063391992e-01
5.4250000000e+00  4.3698240582e-01  5.2163621816e-01
5.4750000000e+00  2.2092139436e+00  9.2974827159e-01
5.5250000000e+00  2.1976137141e+00  8.9429524015e-01
5.5750000000e+00  2.1543507738e+00  8.7188557958e-01
5.6250000000e+00  4.4018111086e-01  5.2698602572e-01
5.6750000000e+00  3.9060173862e-01  4.7505482183e-01
5.7250000000e+00  3.5791034926e-01  4.4438499954e-01
5.7750000000e+00  1.9130085534e+00  9.1444050587e-01
5.8250000000e+00  3.5122126897e-01  4.2771960905e-01
5.8750000000e+00  3.3073542814e-01  4.0550614445e-01
5.9250000000e+00  3.2189321215e-01  4.0713610629e-01
5.9750000000e+00  3.4162382096e-01  4.3000511091e-01
6.0250000000e+00  3.7300291483e-01  4.6425236850e-01
6.0750000000e+00  3.2376975927e+00  1.9130590819e+00
6.1250000000e+00  4.9502877013e-01  6.6277641260e-01
6.1750000000e+00  1.8769456903e+00  6.5707962654e-01
6.2250000000e+00  1.8188145571e+00  5.9048140008e-01
6.2750000000e+00  4.5588574246e-01  5.4761598176e-01
6.3250000000e+00  4.6034102076e-01  5.5200069611e-01
6.3750000000e+00  1.7489031803e+00  5.3685602955e-01
6.4250000000e+00  1.7159103044e+00  5.3513404583e-01
6.4750000000e+00  4.2536711176e-01  5.1170230184e-01
6.5250000000e+00  3.9598428922e-01  4.9195460250e-01
6.5750000000e+00  3.8033922855e-01  4.7802999520e-01
6.6250000000e+00  3.9969005113e-01  4.8022220212e-01
6.6750000000e+00  4.2245691550e-01  5.3230782534e-01
6.7250000000e+00  1.9414606186e+00  8.4154891141e-01
6.7750000000e+00  2.6303062671e+00  1.5064630954e+00
6.8250000000e+00  3.2443259692e-01  3.9506214305e-01
6.8750000000e+00  2.9412168231e-01  3.6468519105e-01
6.9250000000e+00  2.7313490653e-01  3.5236859255e-01
6.9750000000e+00  2.7348823256e-01  3.5762964030e-01
7.0250000000e+00  2.8614634372e-01  3.7121113181e-01
7.0750000000e+00  3.1436879899e-01  4.0034326925e-01
7.1250000000e+00  3.5805458785e-01  4.4204094964e-01
7.1750000000e+00  4.3286827110e-01  5.1998106442e-01
7.2250000000e+00  2.5055039045e+00  1.1341507965e+00
7.2750000000e+00  3.4890864105e+00  1.9087998313e+00
7.3250000000e+00  1.4805087759e+00  2.7484841790e-01
7.3750000000e+00  4.6722424583e-01  5.6670388177e-01
7.4250000000e+00  4.4401124860e-01  5.3781124237e-01
7.4750000000e+00  2.3063849863e+00  1.0634247769e+00
7.5250000000e+00  4.3035380316e-01  5.1686519228e-01
7.5750000000e+00  4.0384394306e-01  4.9908633909e-01
7.6250000000e+00  4.0482292068e-01  5.0324689373e-01
7.6750000000e+00  4.1997901779e-01  5.1218437041e-01
7.7250000000e+00  4.6607074021e-01  5.5775302500e-01
7.7750000000e+00  2.5034954775e+00  1.1409751616e+00
7.8250000000e+00  2.1888935344e+00  8.7448042240e-01
7.8750000000e+00  4.7506165627e-01  5.6849757122e-01
7.9250000000e+00  1.2971234598e+00  1.6333305063e-01
7.9750000000e+00  1.2916842100e+00  1.5217901005e-01
8.0250000000e+00  4.7090166603e-01  5.7106867771e-01
8.0750000000e+00  4.7601958490e-01  5.8260401751e-01
8.1250000000e+00  1.2901354021e+00  9.0879995443e-02
8.1750000000e+00  5.3832244936e-01  6.5228456273e-01
8.2250000000e+00  5.1584215638e+00  3.3009575542e+00
8.2750000000e+00  5.4087803660e-01  6.8379864131e-01
8.3250000000e+00  4.8146073192e-01  5.8161130488e-01
8.3750000000e+00  4.2886101068e-01  5.1518905684e-01
8.4250000000e+00  1.8392996906e+00  8.0915018371e-01
8.4750000000e+00  3.1841862194e-01  3.9208484979e-01
8.5250000000e+00  2.8796223127e-01  3.6350897684e-01
8.5750000000e+00  2.7901368261e-01  3.4259798155e-01
8.6250000000e+00  2.8373878832e-01  3.3953501449e-01
8.6750000000e+00  1.6722017164e+00  8.3818269557e-01
8.7250000000e+00  9.7371271060e-01  2.4939702050e-01
8.7750000000e+00  2.7706603779e-01  3.3358301826e-01
8.8250000000e+00  2.7233293940e-01  3.4731699659e-01
8.8750000000e+00  2.9244627240e-01  3.7932342689e-01
8.9250000000e+00  3.3575921978e-01  4.1813121995e-01
8.9750000000e+00  3.9997118348e-01  4.7923925530e-01
9.0250000000e+00  1.7350809325e+00  5.5278446933e-01
9.0750000000e+00  2.3933719417e+00  1.0347175828e+00
9.1250000000e+00  4.9737781242e-01  6.0159601957e-01
9.1750000000e+00  1.1039407038e+00  7.6122050739e-02
9.2250000000e+00  1.6983522033e+00  4.8040324999e-01
9.2750000000e+00  1.6661688327e+00  4.8999969062e-01
9.3250000000e+00  4.4035543757e-01  5.2688743789e-01
9.3750000000e+00  4.1938390488e-01  5.1340069938e-01
9.4250000000e+00  1.0114901152e+00  5.5368120447e-02
9.4750000000e+00  4.5325366400e-01  5.5409623676e-01
9.5250000000e+00  2.7398772780e+00  1.4328866281e+00
9.5750000000e+00  4.2029059053e-01  5.0188387043e-01
9.6250000000e+00  6.0254218232e-01  3.3575578618e-01
9.6750000000e+00  1.5170796232e+00  4.6907414708e-01
9.7250000000e+00  3.9182658803e-01  4.8137655209e-01
9.7750000000e+00  4.0108147531e-01  4.8336371304e-01
9.8250000000e+00  1.5142798828e+00  4.1920623671e-01
9.8750000000e+00  1.5222440822e+00  4.1606397290e-01
9.9250000000e+00  1.4889640740e+00  3.8928422405e-01
9.9750000000e+00  4.2655843014e-01  5.1349640314e-01
