2.5000000000e-02  0.0000000000e+00  0.0000000000e+00
7.5000000000e-02  0.0000000000e+00  0.0000000000e+00
1.2500000000e-01  0.0000000000e+00  0.0000000000e+00
1.7500000000e-01  0.0000000000e+00  0.0000000000e+00
2.2500000000e-01  0.0000000000e+00  0.0000000000e+00
2.7500000000e-01  0.0000000000e+00  0.0000000000e+00
3.2500000000e-01  0.0000000000e+00  0.0000000000e+00
3.7500000000e-01  0.0000000000e+00  0.0000000000e+00
4.2500000000e-01  0.0000000000e+00  0.0000000000e+00
4.7500000000e-01  0.0000000000e+00  0.0000000000e+00
5.2500000000e-01  0.0000000000e+00  0.0000000000e+00
5.7500000000e-01  0.0000000000e+00  0.0000000000e+00
6.2500000000e-01  0.0000000000e+00  0.0000000000e+00
6.7500000000e-01  0.0000000000e+00  0.0000000000e+00
7.2500000000e-01  0.0000000000e+00  0.0000000000e+00
7.7500000000e-01  0.0000000000e+00  0.0000000000e+00
8.2500000000e-01  2.2881231541e-03  1.5004226919e-02
8.7500000000e-01  5.0176042674e-02  3.2902631523e-01
9.2500000000e-01  1.2418149116e-01  8.1024880032e-01
9.7500000000e-01  3.7864884246e-02  1.7563426636e-01
1.0250000000e+00  7.0335038807e-02  3.5903118916e-01
1.0750000000e+00  3.7906086011e+00  3.0841885651e+00
1.1250000000e+00  5.2372094527e-02  2.2271208704e-01
1.1750000000e+00  3.2967968232e-02  1.5376455199e-01
1.2250000000e+00  2.3066156048e-02  9.4627612514e-02
1.2750000000e+00  1.9057007485e-02  7.2658337065e-02
1.3250000000e+00  2.0110579014e-02  8.1213212355e-02
1.3750000000e+00  1.6477713679e-02  6.3583443423e-02
1.4250000000e+00  1.7557821688e-02  5.6713174816e-02
1.4750000000e+00  2.0206253062e-02  5.6656899478e-02
1.5250000000e+00  2.4038182542e-02  5.1194320191e-02
1.5750000000e+00  3.0280973827e-02  6.0067364587e-02
1.6250000000e+00  4.9682782358e-02  7.8067550348e-02
1.6750000000e+00  6.0147896297e-02  8.9204261703e-02
1.7250000000e+00  8.6958148738e-02  1.2574320048e-01
1.7750000000e+00  1.1366133593e-01  1.6085443734e-01
1.8250000000e+00  1.4826087755e-01  2.1130870417e-01
1.8750000000e+00  1.9249797930e-01  2.7159025937e-01
1.9250000000e+00  2.2186327688e-01  3.0920521525e-01
1.9750000000e+00  2.7449233241e-01  3.8361357554e-01
2.0250000000e+00  3.1741205625e-01  4.3497939516e-01
2.0750000000e+00  3.5347406517e-01  4.7690572511e-01
2.1250000000e+00  3.8866707050e-01  5.1617657574e-01
2.1750000000e+00  4.2947130702e-01  5.5864108774e-01
2.2250000000e+00  4.8191967248e-01  6.1460285947e-01
2.2750000000e+00  5.2193550869e-01  6.4451897765e-01
2.3250000000e+00  5.9418654437e-01  7.1492323355e-01
2.3750000000e+00  6.9864943409e-01  9.7198946232e-01
2.4250000000e+00  9.6452600565e+00  6.7748078477e+00
2.4750000000e+00  7.2270677113e-01  1.1243759728e+00
2.5250000000e+00  4.6745367473e+00  2.7583522470e+00
2.5750000000e+00  5.3985996166e-01  6.7928633805e-01
2.6250000000e+00  4.8746336045e-01  6.1447553079e-01
2.6750000000e+00  4.4708483975e-01  5.6155747920e-01
2.7250000000e+00  4.1206490597e-01  5.1709240755e-01
2.7750000000e+00  3.8489759007e-01  4.8576960196e-01
2.8250000000e+00  3.7111187117e-01  4.6400723934e-01
2.8750000000e+00  1.9271929300e+00  8.8239541521e-01
2.9250000000e+00  3.8068500093e-01  4.6435419581e-01
2.9750000000e+00  3.8021957575e-01  4.6465780363e-01
3.0250000000e+00  3.7779860800e-01  4.5969561306e-01
3.0750000000e+00  3.7652261502e-01  4.5493587965e-01
3.1250000000e+00  3.7525827169e-01  4.5859002633e-01
3.1750000000e+00  3.7821314082e-01  4.6898198938e-01
3.2250000000e+00  1.6395684579e+00  6.3474621267e-01
3.2750000000e+00  4.0199474898e-01  4.8273839398e-01
3.3250000000e+00  2.7773150043e+00  1.5164422665e+00
3.3750000000e+00  4.1890129765e-01  5.0142988872e-01
3.4250000000e+00  4.1190970265e-01  4.9687593456e-01
3.4750000000e+00  3.9994099330e-01  4.9680885768e-01
3.5250000000e+00  4.0821964291e-01  5.1229587391e-01
3.5750000000e+00  4.1925417161e-01  5.2260885307e-01
3.6250000000e+00  4.3865177372e+00  2.8558158836e+00
3.6750000000e+00  2.4027904029e+00  1.1334601685e+00
3.7250000000e+00  4.7302811118e-01  6.5140698666e-01
3.7750000000e+00  4.3869342930e-01  5.4855022642e-01
3.8250000000e+00  4.0644200651e-01  4.8623877469e-01
3.8750000000e+00  3.8323719978e-01  4.6284353520e-01
3.9250000000e+00  1.2302762912e+00  2.8068462816e-01
3.9750000000e+00  3.7713503935e-01  4.5920538347e-01
4.0250000000e+00  3.8564471928e-01  4.6478476665e-01
4.0750000000e+00  1.1762700525e+00  1.9859669217e-01
4.1250000000e+00  4.1620474711e-01  5.1751630300e-01
4.1750000000e+00  3.3806394313e+00  2.0627800569e+00
4.2250000000e+00  3.8925036383e-01  4.6613908038e-01
4.2750000000e+00  3.7069892737e-01  4.5915555039e-01
4.3250000000e+00  3.7325379455e-01  4.7060456918e-01
4.3750000000e+00  3.8120241770e-01  4.7527648623e-01
4.4250000000e+00  4.0710314035e-01  4.8765228623e-01
4.4750000000e+00  4.4739359017e-01  5.5281765280e-01
4.5250000000e+00  1.7339970465e+00  5.5220186368e-01
4.5750000000e+00  4.7038207664e-01  5.7539365542e-01
4.6250000000e+00  2.8989440189e+00  1.5367676513e+00
4.6750000000e+00  1.6695897714e+00  4.7183556178e-01
4.7250000000e+00  3.0053822966e+00  1.5917477388e+00
4.7750000000e+00  4.7061159670e-01  5.7601556191e-01
4.8250000000e+00  1.5466594728e+00  4.3173688745e-01
4.8750000000e+00  4.0185279341e-01  4.8741873077e-01
4.9250000000e+00  3.7959106532e-01  4.6544968366e-01
4.9750000000e+00  1.4278618208e+00  4.6486711585e-01
5.0250000000e+00  3.7009678209e-01  4.4969287097e-01
5.0750000000e+00  3.6467491587e-01  4.4841980519e-01
5.1250000000e+00  3.5860234675e-01  4.5126130391e-01
5.1750000000e+00  3.7037880578e-01  4.6265248892e-01
5.2250000000e+00  3.9582396478e-01  4.7502973164e-01
5.2750000000e+00  4.3583112938e-01  5.3700407585e-01
5.3250000000e+00  4.1189990452e+00  2.6167610715e+00
5.3750000000e+00  4.3450960110e-01  5.2069670923e-01
5.4250000000e+00  4.1969719329e-01  5.0761812164e-01
5.4750000000e+00  4.2004676021e-01  5.1515124657e-01
5.5250000000e+00  8.4441776819e-01  1.7488078752e-01
5.5750000000e+00  4.3061954524e-01  5.1818518482e-01
5.6250000000e+00  2.4923428244e+00  1.2418190589e+00
5.6750000000e+00  4.4853952747e-01  5.3600455817e-01
5.7250000000e+00  1.2488996775e+00  1.4169818985e-01
5.7750000000e+00  1.5079723602e+00  3.5283949024e-01
5.8250000000e+00  4.5830322596e-01  5.4870894579e-01
5.8750000000e+00  4.4412154859e-01  5.3501158782e-01
5.9250000000e+00  3.4136704888e+00  2.0084677283e+00
5.9750000000e+00  1.9138710824e+00  7.1610349490e-01
6.0250000000e+00  4.6194074071e-01  6.0755286315e-01
6.0750000000e+00  1.1216858092e+00  1.5149892880e-01
6.1250000000e+00  7.3490723999e-01  1.7449095944e-01
6.1750000000e+00  3.6604608159e-01  4.4841980415e-01
6.2250000000e+00  1.0247155251e+00  1.8791657080e-01
6.2750000000e+00  3.5583063158e-01  4.4327707736e-01
6.3250000000e+00  3.5622821593e-01  4.4717414949e-01
6.3750000000e+00  3.6636972572e-01  4.5493134769e-01
6.4250000000e+00  3.8520640779e-01  4.6628512124e-01
6.4750000000e+00  4.2201474117e-01  5.0810051002e-01
6.5250000000e+00  1.6734433233e+00  5.4941384095e-01
6.5750000000e+00  4.5773477015e-01  5.7888608910e-01
6.6250000000e+00  4.0010729459e+00  2.5228523075e+00
6.6750000000e+00  1.5948044779e+00  4.8602794538e-01
6.7250000000e+00  4.2582786591e-01  5.0916425737e-01
6.7750000000e+00  4.2486406735e-01  5.0706010997e-01
6.8250000000e+00  4.1889960428e-01  4.9964621490e-01
6.8750000000e+00  1.0506276247e+00  6.3096480558e-02
6.9250000000e+00  1.4816954177e+00  4.6391212178e-01
6.9750000000e+00  3.9347666279e-01  4.8506114922e-01
7.0250000000e+00  3.9695159096e-01  4.8238774397e-01
7.0750000000e+00  9.3990776161e-01  6.4351675646e-02
7.1250000000e+00  2.9936545403e+00  1.6781168007e+00
7.1750000000e+00  6.8289985427e-01  3.0123858943e-01
7.2250000000e+00  4.1805760386e-01  4.9980032248e-01
7.2750000000e+00  9.1452769299e-01  9.2968349999e-02
7.3250000000e+00  4.2276701136e-01  5.0672839780e-01
7.3750000000e+00  6.5831977706e-01  3.0299688212e-01
7.4250000000e+00  8.9352946744e-01  1.0679795082e-01
7.4750000000e+00  2.2914659709e+00  1.0766935116e+00
7.5250000000e+00  4.3268306366e-01  5.1884715910e-01
7.5750000000e+00  4.1855265162e-01  4.9932548234e-01
7.6250000000e+00  1.3005045736e+00  2.8248717620e-01
7.6750000000e+00  1.2859453394e+00  2.8423718589e-01
7.7250000000e+00  8.2876905310e-01  1.1467556470e-01
7.7750000000e+00  3.8993759864e-01  4.6889711089e-01
7.8250000000e+00  1.2448990278e+00  2.5480760652e-01
7.8750000000e+00  1.2388289257e+00  2.3483924278e-01
7.9250000000e+00  4.0319589662e-01  4.8448359042e-01
7.9750000000e+00  6.1470631452e-01  3.2790785996e-01
8.0250000000e+00  4.2450600977e-01  5.1115148153e-01
8.0750000000e+00  3.2443829123e+00  1.8585823023e+00
8.1250000000e+00  1.2750091921e+00  2.3902486318e-01
8.1750000000e+00  2.0521889015e+00  7.9404178606e-01
8.2250000000e+00  4.6683423343e-01  5.7706757572e-01
8.2750000000e+00  8.0980417475e-01  1.9464222504e-01
8.3250000000e+00  1.5415579625e+00  4.8479284871e-01
8.3750000000e+00  4.0070361914e-01  4.8376857086e-01
8.4250000000e+00  4.0075098681e-01  4.8468521750e-01
8.4750000000e+00  4.0704469657e-01  4.8802926895e-01
8.5250000000e+00  2.5607312811e+00  1.3450468876e+00
8.5750000000e+00  4.2203388308e-01  5.0428185969e-01
8.6250000000e+00  9.3924137728e-01  4.8800841711e-02
8.6750000000e+00  4.0924123251e-01  4.8992932446e-01
8.7250000000e+00  1.4353325447e+00  3.9800910617e-01
8.7750000000e+00  4.1174835713e-01  4.9260457268e-01
8.8250000000e+00  1.0882538319e+00  7.2729141455e-02
8.8750000000e+00  4.3561260909e-01  5.2508835813e-01
8.9250000000e+00  7.7150043122e-01  2.8373141871e-01
8.9750000000e+00  1.7257497766e+00  5.8744921121e-01
9.0250000000e+00  2.8085821029e+00  1.5375670893e+00
9.0750000000e+00  4.0536874752e-01  4.8601352478e-01
9.1250000000e+00  7.0571218499e-01  2.1868542938e-01
9.1750000000e+00  3.8191370301e-01  4.6793988674e-01
9.2250000000e+00  5.3077993791e-01  3.3565881775e-01
9.2750000000e+00  6.8392770180e-01  2.1269886712e-01
9.3250000000e+00  9.9009108913e-01  5.4168458577e-02
9.3750000000e+00  3.9861066502e-01  4.7584683541e-01
9.4250000000e+00  1.5732816269e+00  5.2680867872e-01
9.4750000000e+00  1.2737487615e+00  2.6277355326e-01
9.5250000000e+00  1.2609911904e+00  2.5294547087e-01
9.5750000000e+00  6.8542258155e-01  2.4291921312e-01
9.6250000000e+00  9.6707154249e-01  3.1758742337e-02
9.6750000000e+00  4.1698031336e-01  4.9728754550e-01
9.7250000000e+00  9.8229346160e-01  7.0023978605e-02
9.7750000000e+00  2.0709536175e+00  8.8473128111e-01
9.8250000000e+00  1.2357190170e+00  1.8395384589e-01
9.8750000000e+00  6.8784755695e-01  2.7949277696e-01
9.9250000000e+00  4.2148022004e-01  5.0551937110e-01
9.9750000000e+00  6.9197364687e-01  2.8892755306e-01
