2.5000000000e-02  0.0000000000e+00  0.0000000000e+00
7.5000000000e-02  0.0000000000e+00  0.0000000000e+00
1.2500000000e-01  0.0000000000e+00  0.0000000000e+00
1.7500000000e-01  0.0000000000e+00  0.0000000000e+00
2.2500000000e-01  0.0000000000e+00  0.0000000000e+00
2.7500000000e-01  0.0000000000e+00  0.0000000000e+00
3.2500000000e-01  0.0000000000e+00  0.0000000000e+00
3.7500000000e-01  0.0000000000e+00  0.0000000000e+00
4.2500000000e-01  0.0000000000e+00  0.0000000000e+00
4.7500000000e-01  0.0000000000e+00  0.0000000000e+00
5.2500000000e-01  0.0000000000e+00  0.0000000000e+00
5.7500000000e-01  0.0000000000e+00  0.0000000000e+00
6.2500000000e-01  0.0000000000e+00  0.0000000000e+00
6.7500000000e-01  0.0000000000e+00  0.0000000000e+00
7.2500000000e-01  0.0000000000e+00  0.0000000000e+00
7.7500000000e-01  0.0000000000e+00  0.0000000000e+00
8.2500000000e-01  0.0000000000e+00  0.0000000000e+00
8.7500000000e-01  0.0000000000e+00  0.0000000000e+00
9.2500000000e-01  0.0000000000e+00  0.0000000000e+00
9.7500000000e-01  0.0000000000e+00  0.0000000000e+00
1.0250000000e+00  0.0000000000e+00  0.0000000000e+00
1.0750000000e+00  0.0000000000e+00  0.0000000000e+00
1.1250000000e+00  0.0000000000e+00  0.0000000000e+00
1.1750000000e+00  0.0000000000e+00  0.0000000000e+00
1.2250000000e+00  0.0000000000e+00  0.0000000000e+00
1.2750000000e+00  0.0000000000e+00  0.0000000000e+00
1.3250000000e+00  0.0000000000e+00  0.0000000000e+00
1.3750000000e+00  0.0000000000e+00  0.0000000000e+00
1.4250000000e+00  0.0000000000e+00  0.0000000000e+00
1.4750000000e+00  0.0000000000e+00  0.0000000000e+00
1.5250000000e+00  0.0000000000e+00  0.0000000000e+00
1.5750000000e+00  0.0000000000e+00  0.0000000000e+00
1.6250000000e+00  0.0000000000e+00  0.0000000000e+00
1.6750000000e+00  0.0000000000e+00  0.0000000000e+00
1.7250000000e+00  0.0000000000e+00  0.0000000000e+00
1.7750000000e+00  0.0000000000e+00  0.0000000000e+00
1.8250000000e+00  0.0000000000e+00  0.0000000000e+00
1.8750000000e+00  0.0000000000e+00  0.0000000000e+00
1.9250000000e+00  0.0000000000e+00  0.0000000000e+00
1.9750000000e+00  0.0000000000e+00  0.0000000000e+00
2.0250000000e+00  0.0000000000e+00  0.0000000000e+00
2.0750000000e+00  0.0000000000e+00  0.0000000000e+00
2.1250000000e+00  0.0000000000e+00  0.0000000000e+00
2.1750000000e+00  0.0000000000e+00  0.0000000000e+00
2.2250000000e+00  0.0000000000e+00  0.0000000000e+00
2.2750000000e+00  0.0000000000e+00  0.0000000000e+00
2.3250000000e+00  0.0000000000e+00  0.0000000000e+00
2.3750000000e+00  0.0000000000e+00  0.0000000000e+00
2.4250000000e+00  0.0000000000e+00  0.0000000000e+00
2.4750000000e+00  5.9902973562e-03  1.4992342595e-02
2.5250000000e+00  2.0849803247e-02  4.5913972640e-02
2.5750000000e+00  5.8995382881e-02  1.2723780469e-01
2.6250000000e+00  1.6367676269e-01  3.2395714317e-01
2.6750000000e+00  3.6496326690e-01  6.3666088130e-01
2.7250000000e+00  6.6832927842e-01  9.8677582902e-01
2.7750000000e+00  1.1118964019e+00  1.4615481405e+00
2.8250000000e+00  1.7171216799e+00  2.1522249775e+00
2.8750000000e+00  1.9144484241e+01  1.1688113153e+01
2.9250000000e+00  2.1714238465e+00  2.9889748153e+00
2.9750000000e+00  1.3681020801e+00  1.7156602361e+00
3.0250000000e+00  8.8948088632e-01  1.1753955494e+00
3.0750000000e+00  5.7552000662e-01  8.4204116793e-01
3.1250000000e+00  4.5998028844e-01  7.6004137489e-01
3.1750000000e+00  4.6579952260e-01  7.2558389641e-01
3.2250000000e+00  6.6888148944e-01  8.9850334873e-01
3.2750000000e+00  9.7627757264e-01  1.2044806797e+00
3.3250000000e+00  1.0831080750e+01  6.4484275734e+00
3.3750000000e+00  1.2703648741e+00  1.7185032862e+00
3.4250000000e+00  8.0180445773e-01  1.0170559852e+00
3.4750000000e+00  4.6773974960e-01  6.3088638914e-01
3.5250000000e+00  2.5954439129e-01  3.9778040204e-01
3.5750000000e+00  1.3553948217e-01  2.3696948499e-01
3.6250000000e+00  7.3184148953e-02  1.4498199299e-01
3.6750000000e+00  3.9935006536e-02  8.9935481437e-02
3.7250000000e+00  1.4719756624e-02  3.3494214798e-02
3.7750000000e+00  8.5994503556e-03  2.1095304387e-02
3.8250000000e+00  3.1232917979e-03  7.5663683308e-03
3.8750000000e+00  1.3832781079e-03  3.5025417748e-03
3.9250000000e+00  1.1235502527e-03  3.4059910803e-03
3.9750000000e+00  2.1909259555e-04  6.1114474128e-04
4.0250000000e+00  3.4189308816e-04  1.0801951213e-03
4.0750000000e+00  2.0847165676e-04  5.8151831381e-04
4.1250000000e+00  5.6965577021e-04  1.5612537365e-03
4.1750000000e+00  1.7874423836e-03  5.0275747823e-03
4.2250000000e+00  4.9258696367e-03  1.3505094785e-02
4.2750000000e+00  8.9407201697e-03  2.2396503048e-02
4.3250000000e+00  2.2911381494e-02  5.5717437837e-02
4.3750000000e+00  4.3298315129e-02  9.3515174863e-02
4.4250000000e+00  8.0937970448e-02  1.6235047134e-01
4.4750000000e+00  1.4147598161e-01  2.5539706038e-01
4.5250000000e+00  2.3595384971e-01  3.7464101378e-01
4.5750000000e+00  3.9112501225e-01  5.4529282630e-01
4.6250000000e+00  6.6660993287e-01  8.5805968591e-01
4.6750000000e+00  1.0219935225e+00  1.2996522785e+00
4.7250000000e+00  1.0680042378e+01  6.4929493592e+00
4.7750000000e+00  1.0745601092e+00  1.3759613676e+00
4.8250000000e+00  6.9139265809e-01  8.8230699006e-01
4.8750000000e+00  4.0325845883e-01  5.5151095297e-01
4.9250000000e+00  2.3286552072e-01  3.6015904081e-01
4.9750000000e+00  1.4034339027e-01  2.5031380121e-01
5.0250000000e+00  8.0668622553e-02  1.5874386539e-01
5.0750000000e+00  4.9462937560e-02  1.0857151319e-01
5.1250000000e+00  4.2624227779e-02  1.0011692785e-01
5.1750000000e+00  5.3645302993e-02  1.2077657857e-01
5.2250000000e+00  8.7697411235e-02  1.8441427661e-01
5.2750000000e+00  1.6302844924e-01  3.1300889096e-01
5.3250000000e+00  2.7745226840e-01  4.6541658335e-01
5.3750000000e+00  4.9890358368e-01  7.2245652736e-01
5.4250000000e+00  8.3660663880e-01  1.0924321423e+00
5.4750000000e+00  1.3218743295e+00  1.6467232073e+00
5.5250000000e+00  1.5584967807e+01  9.4528630781e+00
5.5750000000e+00  1.9231440043e+00  2.5840796238e+00
5.6250000000e+00  1.3307185273e+00  1.6677067990e+00
5.6750000000e+00  9.7636460791e-01  1.2906407097e+00
5.7250000000e+00  8.0382486042e-01  1.0120484672e+00
5.7750000000e+00  4.9775217018e+00  2.6064333627e+00
5.8250000000e+00  6.6453967765e-01  8.2187015265e-01
5.8750000000e+00  3.9695673378e-01  4.9596558929e-01
5.9250000000e+00  2.4092808331e-01  3.2870205917e-01
5.9750000000e+00  1.4011905062e-01  2.1218914359e-01
6.0250000000e+00  8.0660104150e-02  1.4096837890e-01
6.0750000000e+00  4.3636748491e-02  8.5304256015e-02
6.1250000000e+00  2.2349470254e-02  4.7163664830e-02
6.1750000000e+00  1.1984097318e-02  2.6910907976e-02
6.2250000000e+00  7.3255544128e-03  1.7773244046e-02
6.2750000000e+00  5.3981668714e-03  1.2346518722e-02
6.3250000000e+00  9.6398341503e-03  2.2030722425e-02
6.3750000000e+00  1.5400808270e-02  3.1370641886e-02
6.4250000000e+00  2.9938321849e-02  5.6427585359e-02
6.4750000000e+00  4.8865342807e-02  8.0448462601e-02
6.5250000000e+00  9.0237957347e-02  1.2783294421e-01
6.5750000000e+00  1.5442272367e-01  2.0032441086e-01
6.6250000000e+00  2.4121246670e-01  3.0076069746e-01
6.6750000000e+00  2.6815495930e+00  1.6129296083e+00
6.7250000000e+00  2.9186896625e-01  3.8710475197e-01
6.7750000000e+00  1.8797706521e-01  2.3775892517e-01
6.8250000000e+00  1.1425818356e-01  1.5419531942e-01
6.8750000000e+00  8.1078927302e-02  1.2776958732e-01
6.9250000000e+00  6.7986852633e-02  1.3181685985e-01
6.9750000000e+00  7.7319156877e-02  1.5615659627e-01
7.0250000000e+00  1.1800239738e-01  2.2458897312e-01
7.0750000000e+00  1.9667630772e-01  3.2817910177e-01
7.1250000000e+00  3.4160316387e-01  4.9447968896e-01
7.1750000000e+00  5.6795405073e-01  7.3969249565e-01
7.2250000000e+00  8.9933598768e-01  1.0956442619e+00
7.2750000000e+00  9.1859484781e+00  5.2248347489e+00
7.3250000000e+00  1.3024544121e+00  1.5943339268e+00
7.3750000000e+00  1.1686589019e+00  1.4858019237e+00
7.4250000000e+00  1.2160671253e+00  1.4752035378e+00
7.4750000000e+00  8.7833472680e+00  4.8650609555e+00
7.5250000000e+00  9.8654269522e-01  1.1991685226e+00
7.5750000000e+00  6.0974173040e-01  7.7636514816e-01
7.6250000000e+00  3.5957664004e-01  5.0446229172e-01
7.6750000000e+00  2.0722001283e-01  3.3084897402e-01
7.7250000000e+00  1.1662500512e-01  2.1292143849e-01
7.7750000000e+00  7.5054297451e-02  1.5688854745e-01
7.8250000000e+00  5.2534756498e-02  1.1588845394e-01
7.8750000000e+00  5.5788470356e-02  1.1720689377e-01
7.9250000000e+00  8.1411959056e-02  1.5416207544e-01
7.9750000000e+00  1.3362766603e-01  2.1843942828e-01
8.0250000000e+00  2.3470364309e-01  3.3603635660e-01
8.0750000000e+00  3.8840343954e-01  5.0437915832e-01
8.1250000000e+00  6.1257873098e-01  7.6430484732e-01
8.1750000000e+00  7.1334367906e+00  4.3169150282e+00
8.2250000000e+00  8.0889004414e-01  1.0854825521e+00
8.2750000000e+00  5.2925780258e-01  6.6516659082e-01
8.3250000000e+00  3.3823330706e-01  4.5726655067e-01
8.3750000000e+00  2.3305732317e-01  3.6707164828e-01
8.4250000000e+00  1.9295977853e-01  3.4209781014e-01
8.4750000000e+00  2.1974331055e-01  3.7140366663e-01
8.5250000000e+00  3.1858617359e-01  4.6217121928e-01
8.5750000000e+00  4.7884319406e-01  6.1909668048e-01
8.6250000000e+00  7.5070809314e-01  9.3777197369e-01
8.6750000000e+00  8.4542894635e+00  5.1097288406e+00
8.7250000000e+00  9.4002915124e-01  1.2429859208e+00
8.7750000000e+00  5.8797686979e-01  7.4587486881e-01
8.8250000000e+00  3.6030723809e-01  4.8465067435e-01
8.8750000000e+00  2.0903146599e-01  3.1618676901e-01
8.9250000000e+00  1.1493441793e-01  1.9893953269e-01
8.9750000000e+00  6.8075812288e-02  1.3433788093e-01
9.0250000000e+00  3.5999425569e-02  7.6194885077e-02
9.0750000000e+00  2.5137061665e-02  5.8178403459e-02
9.1250000000e+00  2.1220300294e-02  4.7969686431e-02
9.1750000000e+00  2.5028015770e-02  4.9259859450e-02
9.2250000000e+00  4.2843479074e-02  7.5022304174e-02
9.2750000000e+00  7.5590441829e-02  1.1258347287e-01
9.3250000000e+00  1.2377407607e-01  1.6510613449e-01
9.3750000000e+00  2.0324216475e-01  2.5614726236e-01
9.4250000000e+00  3.0843379134e-01  4.1470667007e-01
9.4750000000e+00  2.6584028047e+00  1.6006187164e+00
9.5250000000e+00  2.5061662130e-01  3.0661570551e-01
9.5750000000e+00  2.0401594342e-01  2.8374837738e-01
9.6250000000e+00  1.9821727709e-01  3.2624237302e-01
9.6750000000e+00  2.4889710363e-01  4.1746775650e-01
9.7250000000e+00  3.7958257909e-01  5.6278430527e-01
9.7750000000e+00  6.1301848751e-01  8.0725048014e-01
9.8250000000e+00  9.5869307009e-01  1.1736652224e+00
9.8750000000e+00  9.9737079250e+00  5.6607067177e+00
9.9250000000e+00  1.4651630986e+00  1.8482223807e+00
9.9750000000e+00  1.2722576090e+00  1.5839418518e+00
