#   ID      Q     h k l     mult    Intensity(0,0)
     1    1.877500 1 0 0        6  2.536704e-05
     2    2.657500 1 1 0       12  7.589297e+00
     3    3.252500 1 1 1        8  1.023750e-04
     4    3.757500 2 0 0        6  3.606464e+00
     5    4.202500 2 1 0       24  4.932429e-04
     6    4.602500 2 1 1       24  1.373138e+01
     7    5.312500 2 2 0       12  6.547005e+00
     8    5.637500 3 0 0       30  1.153442e-03
     9    5.942500 3 1 0       24  1.251149e+01
    10    6.232500 3 1 1       24  1.092197e-03
    11    6.507500 2 2 2        8  3.987974e+00
    12    6.772500 3 2 0       24  1.255438e-03
    13    7.032500 3 2 1       48  2.293641e+01
    14    7.517500 4 0 0        6  2.755035e+00
    15    7.747500 4 1 0       48  3.642750e-03
    16    7.972500 4 1 1       36  1.588222e+01
    17    8.192500 3 3 1       24  2.026608e-03
    18    8.402500 4 2 0       24  1.019478e+01
    19    8.612500 4 2 1       48  4.305331e-03
    20    8.812500 3 3 2       24  9.820410e+00
    21    9.202500 4 2 2       24  9.487087e+00
    22    9.392500 5 0 0       30  2.999597e-03
    23    9.582500 5 1 0       72  2.753657e+01
    24    9.762500 5 1 1       32  3.897194e-03
    25   10.117500 5 2 0       72  1.022746e-02
    26   10.292500 5 2 1       48  1.723986e+01
    27   10.627500 4 4 0       12  4.178977e+00
    28   10.792500 5 2 2       48  7.235105e-03
    29   10.957500 5 3 0       48  1.624420e+01
    30   11.117500 5 3 1       48  7.217161e-03
    31   11.272500 6 0 0       30  9.879832e+00
    32   11.427500 6 1 0       24  3.369740e-03
    33   11.582500 6 1 1       72  2.310967e+01
    34   11.882500 6 2 0       24  7.519257e+00
    35   12.032500 6 2 1       96  1.802164e-02
    36   12.177500 5 4 1       48  1.464687e+01
    37   12.322500 5 3 3       24  6.132468e-03
    38   12.462500 6 2 2       24  7.163353e+00
