0
-0.011564709582283821
-0.049571348925174896
-0.03506285945480701
0.1638535476899681
0.003969972672096005
-0.12517622911941173
-0.08689221385068006
0.14439476219450506
0.1346002660093672
0.0577789768398224
-0.10521425751541429
-0.11611189800361435
0.006821199054366537
0.15937076753182772
-0.00609247752951017
-0.037291601370973704
-0.12173940725319801
0.09581366445878858
0.0041729069924920925
0.06566857970755606
-0.033274452402347304
-0.15004259556613683
-0.030112256033422217
0.1857575546021171
0.023268557538079514
0.030076533796490914
-0.0729120807588915
0.13146523207813518
0.10737245291760301
0.06809044921438434
0.0891173538687915
-0.04175756634857534
-0.11367149240281792
0.06377414814737166
0.05859138907258183
-0.01782079210606985
-0.008620636691880361
-0.0350989946618263
-0.12439501717058665
-0.04338558503483839
0.04037376032396488
0.10030860224098984
-0.053666219327638105
-0.11965867742899268
3.322730466485705e-05
-0.030468190053768097
-0.06969022535324848
0.12480363672067517
0.09860291425261274
0.048323241158193364
0.16448113166886283
0.09836336626895904
0.04162438774916375
0.0655097769220542
0.015469248297331454
-0.022727478785065345
0.11407872490041061
0.07008680950499614
-0.025077272495897966
-0.04586082762827303
-0.024333106224103784
-0.12533052002730208
-0.14234819930932396
-0.019790350753536058
-0.03734323592400212
-0.062319106817244424
-0.03217763084329823
-0.08809061375632209
-0.013001253948540029
-0.03483344329507939
-0.05207543796727293
0.07845723670959376
0.08246591981899123
0.038283607863101886
0.16511045583748832
0.11177558984425141
0.17505710702021568
0.03020597873909749
0.086013160449953
-0.2015075962389073
0.14481975208451214
0.019764697032773514
-0.030837722475488827
0.07411227772666391
-0.09508365424813951
-0.07121819478505367
0.02385657453202155
-0.10532011980675746
-0.07749105965792959
-0.06742311964117578
-0.14382276889540027
-0.002178418577613547
0.08133236281186472
0.01939772012567267
0.039129788911342
0.04083546715230549
-0.006753312581745101
0.12162361062470774
0.0724094826853788
0.02876525320762691
0.05112058642065149
0.09488188844468011
0.07078643029209565
-0.0008926393016818718
0.07103548088811931
-0.020059188631288614
-0.06847047226260324
0.02111304227679939
-0.13756129809060774
-0.05411748980076043
-0.03643460332226383
-0.04657136061924892
-0.09109336617349387
-0.1338623088702992
0.03331448040151334
-0.023918121135159082
0.06866973744562767
-0.16384222058119696
-0.03802766807765789
0.042453033959597306
0.08064196742421795
0.084851239039008
0.04231257670333076
0.06577979368263173
-0.09133398675104354
0.010441067346889914
0.02608111120735122
0.09211533483341022
0.07751648282055787
0.017069428833034993
-0.07256274414392694
-0.012673981798430087
-0.03415992465267418
-0.02693339688525254
-0.006641562310760205
0.04757847276663861
-0.09888405412499117
0.06263292522517248
0.039933201325325594
0.15289857260222617
-0.030023490900277606
0.053089941973937085
0.11472554105128449
0.12531720583409073
0.17991283921052398
0.13490184220553914
0.10092347447544125
0.23343469127420896
0.184633350148464
