0
-0.026589066904502988
-0.11397224493532378
-0.08061496998897733
0.376724803253413
0.009127584937291907
-0.2877996293143533
-0.19977872086778806
0.33198602743392863
0.3094669565908975
0.13284285869324677
-0.24190395033097672
-0.2669593215861147
0.015682998067096058
0.366418194108159
-0.014007553885701315
-0.08573919446691909
-0.27989784104293797
0.22029052407533312
0.0095941625183232
0.15098228338070196
-0.07650314388283957
-0.3449712752099602
-0.0692327623639358
0.42708552360872787
0.05349803458091626
0.06915063138252318
-0.16763621945289175
0.3022590257429745
0.24686597739559887
0.15655053824199833
0.2048946640216124
-0.09600714289551829
-0.26134844936039936
0.1466266904329197
0.13471072083515204
-0.04097277413048148
-0.01982018520473339
-0.08069805045288414
-0.2860035014802633
-0.09975021118986976
0.09282555751203511
0.23062508549014082
-0.12338698918996176
-0.2751139193964538
7.639474389772912e-05
-0.07005111006330764
-0.16022867252508047
0.28694298141086494
0.2267034433841737
0.11110265096202247
0.3781677164787126
0.2261526852938915
0.09570094457166002
0.15061717106566394
0.03556620899241709
-0.052254010330922286
0.262284740241475
0.1611404812020781
-0.05765655172157004
-0.10544117908261574
-0.05594559766362104
-0.28815436812067297
-0.32728066089695007
-0.045501095942388124
-0.08585791033914124
-0.14328132399718693
-0.07398138044309585
-0.20253402873287094
-0.029891905941999163
-0.08008750653850585
-0.11972953530231878
0.18038539586065838
0.1896019821170053
0.08801997175762635
0.37961463067099266
0.25698947435843594
0.40248352953019456
0.06944824544839547
0.19775764031074852
-0.46329732018257846
0.332963145323378
0.045442114046400896
-0.07090072260347617
0.1703956590434518
-0.21861211700476965
-0.16374171201485208
0.054849977150824014
-0.24214734421191775
-0.17816400447287561
-0.1550162437105924
-0.33067092583188545
-0.00500852329183525
0.18699575816575906
0.04459837703200499
0.089965473661059
0.09388709335620543
-0.015526916502781872
0.27963160657502184
0.1664806682730182
0.06613579326144382
0.11753418301298167
0.21814822602600775
0.16274901825902824
-0.00205231665742539
0.16332162433384256
-0.04611919605697964
-0.15742427036492382
0.04854216957729754
-0.3162748301094071
-0.12442453022949268
-0.08376882259618203
-0.10707480499431665
-0.20943782379575318
-0.30777027829528397
0.07659517448164592
-0.05499148236865289
0.1578824120281863
-0.37669876046774614
-0.0874315263643136
0.09760613115439386
0.18540843173770746
0.19508620218136227
0.09728319806580031
0.15123798161531504
-0.2099910479463077
0.024005638556299384
0.059964533125707424
0.21178748877259349
0.1782224562798352
0.039245273046760815
-0.1668330402151084
-0.02913945634234953
-0.07853898237394091
-0.06192407052266753
-0.015269985240420943
0.10939031253704855
-0.22734982769871326
0.14400284135003477
0.09181264381914431
0.351537610832139
-0.06902867751016786
0.12206203787976373
0.26377187122285695
0.2881237567186695
0.4136476134321579
0.3101603271939177
0.2320387724369013
0.5367026798174216
0.4245008026332601
