0
-0.005029981240143369
-0.021560675896626375
-0.015250320298024625
0.07126683684941404
0.0017267089953659912
-0.054444435435462776
-0.037793098259293584
0.06280338817379033
0.05854334759798799
0.02513052035687966
-0.045762129842748266
-0.05050197452518154
0.0029668279202884804
0.06931708619301406
-0.0026498761133074067
-0.016219694405318525
-0.05294961627119668
0.04167341439471958
0.0018149737128939848
0.028562042275741776
-0.014472466443623213
-0.06525986973994076
-0.013097093521357264
0.08079381572148722
0.010120479642742845
0.013081556409911281
-0.03171254719261326
0.05717978876850669
0.04670082028787652
0.029615415739099923
0.038760905748807944
-0.018162131428630043
-0.04944053893071132
0.02773807387941813
0.02548387279179969
-0.007751016083909687
-0.0037494794425859397
-0.01526603702762535
-0.05410465332340821
-0.01887022560014739
0.017560255670811535
0.04362845291593932
-0.023341708196543475
-0.052044618881760055
1.4451959898828085e-05
-0.01325190427837024
-0.030311226032446396
0.05428237924524629
0.04288657708049094
0.021017821049392545
0.07153979966080111
0.04278238753251144
0.01810420642395417
0.02849297222895214
0.006728230240549706
-0.009885141612182118
0.04961766156476398
0.03048371725059897
-0.010907166263955591
-0.01994681327588575
-0.010583496883411325
-0.054511543075883066
-0.061913251430970206
-0.00860766042742988
-0.016242152455927424
-0.027105214874866466
-0.013995412365736704
-0.03831433305560902
-0.005654795132916921
-0.015150537508720217
-0.02264981011273302
0.034124370006428664
0.03586791580794519
0.016651159978232622
0.07181351935429035
0.04861593073498645
0.07613973857280083
0.013137857489355587
0.037410760762335175
-0.08764417485941957
0.06298823424871997
0.008596502539438194
-0.013412629555183717
0.03223456360724251
-0.04135590208379194
-0.03097580455236586
0.010376233099184583
-0.04580817382990644
-0.03370413874943518
-0.029325165888003442
-0.0625546040998355
-0.0009474863593083028
0.03537488393023907
0.008436888763999267
0.01701919989900442
0.017761071494890427
-0.002937301222595317
0.05289925142071481
0.031493946036819966
0.012511225031019223
0.022234504796810054
0.041268145603693386
0.03078801191613176
-0.00038824657979762313
0.03089633455207279
-0.008724589388949747
-0.029780703832999963
0.009182954904232238
-0.059831225664802465
-0.023537984808410423
-0.015846949713618375
-0.02025585412033434
-0.03962035706076925
-0.058222378831835106
0.014489876313145057
-0.01040300231954188
0.02986737268752633
-0.07126191021081422
-0.016539840942485992
0.018464619702259214
0.035074601781047474
0.036905392005948286
0.01840352890192083
0.028610413936464612
-0.03972501312519144
0.004541261715934793
0.011343778169409286
0.040064854447479994
0.033715196357944545
0.0074242164231825645
-0.03156060592618849
-0.005512450635308768
-0.014857595769709766
-0.011714473251770354
-0.002888696304102936
0.020693889781502255
-0.043008856699694356
0.027241707771074423
0.01736863793215888
0.06650205492510237
-0.013058485811295942
0.02309106080608275
0.049898989261025484
0.05450575217023133
0.07825170183920459
0.058674515838610504
0.04389588685211992
0.10153061860772228
0.08030485166478292
