0
-0.004432137178445481
0.023156281439276467
-0.07668005575638122
0.2126048571145517
-0.31659320716054984
-0.11066913620342396
1.2592793532120945
0.2540885593059499
-0.6333803093180439
-0.6093318388708568
-0.11555165991624775
0.059307973128376955
0.28802129789223857
-0.21512320084219336
0.054425109306197005
-0.6760524758943618
-0.0979074904514145
-0.117230825429356
-0.05626440905909169
-0.08837473400765784
-0.2526918117998608
0.07432221544782026
0.4764549887083422
0.07597169237617617
0.39152749041742585
0.2952435179070008
0.5110986088373579
-0.009572607920856213
0.19776802048054945
-0.008324814250222273
-0.05405409802945746
0.0015802302778623225
0.2611660629985369
-0.27291851743879597
0.10049642807032604
-0.19897603455525456
0.07926924315070631
0.43141277090376706
-0.4770836051691557
-0.3643675914642031
-0.39270107393056564
0.27697392045517255
0.28008054499598745
-0.16009155985799212
-0.08507844633727094
-0.477123276441504
-0.20532508430528384
-0.0748993130718586
-0.09073814725513453
0.3148617603402123
0.19645629505518614
-0.39735400751856076
-0.0923963792845585
-0.0011136564063475545
-0.2710267715341055
0.3528517189617853
-0.1582201079035442
0.3259646581484854
0.0015705828809126768
0.5926274243892113
0.010591850826419098
0.548656468423271
-0.02059665044616016
0.0025679549008802626
-0.22827105923659524
0.10806161591630063
-0.2860193368733916
0.4967699778603228
-0.5766995903264693
-0.14108264730584053
-0.1265179130854622
0.02219293893273566
0.26978598673550197
-0.21476295974408685
-0.38212580772145294
0.05109204915151599
-0.10555825444409572
-0.11762746407873774
-0.32919081878217193
-0.0151877624171635
0.15753434164323513
-0.04051847056188485
0.12165806412711065
0.2969402867342927
0.239618155110421
-0.011239072204088991
0.036452727180129464
-0.048971904294906776
0.3928528335820985
-0.12514649688634008
-0.1288632536949943
-0.14060668263907877
0.4108586496100442
-0.26233948785235384
-0.17065775290831395
0.07761371013918172
0.10841833696627934
-0.014662183686726293
0.09363672133761322
-0.11878904998440254
0.00012604541114108995
-0.2779817899636797
-0.26029048435786506
-0.268168864938593
0.7839852334238854
0.04153210513291203
-0.1654616644371039
0.1462970725284186
0.0816332750736037
-0.44265076329817044
0.2197892754601778
-0.3088575537140583
0.11097213722888032
0.3350962892169203
0.08492809839417625
-0.1692251758210089
0.18662255817556775
-0.26539883294810207
0.14153225725427948
-0.24165912870318995
0.2116523404066149
-0.1305610123705156
0.179180796468532
-0.19534876438704932
0.2698476400686167
0.20209430990799537
-0.11925470898472314
-0.03379008312110399
0.22806862466605712
-0.6871239937724583
-0.2044824405319392
0.19443759231616012
0.047314886109631235
0.11232870877427457
0.6134548039499068
0.20599391793312108
-0.3775377421937483
0.15896815952590362
-0.29011982244306367
-0.17780597771916812
-0.016072731456198225
0.3051874599473798
0.05069213239083327
0.17154583415356292
0.1446339925660548
-0.6416655261807837
-0.07990183617099152
-0.08843145032517015
0.14089154011331742
