1.7500000000e-01  -3.1989646600e+00
2.2500000000e-01  -3.0194167123e+00
2.7500000000e-01  -3.0370976270e+00
3.2500000000e-01  -3.0181842526e+00
3.7500000000e-01  -2.9550691602e+00
4.2500000000e-01  -2.9594089420e+00
4.7500000000e-01  -2.9239325139e+00
5.2500000000e-01  -2.8816570256e+00
5.7500000000e-01  -2.8533499193e+00
6.2500000000e-01  -2.8082968013e+00
6.7500000000e-01  -2.7450724734e+00
7.2500000000e-01  -2.6958791394e+00
7.7500000000e-01  -2.6476601387e+00
8.2500000000e-01  -2.6288976065e+00
8.7500000000e-01  -2.6001452440e+00
9.2500000000e-01  -2.5399205503e+00
9.7500000000e-01  -2.4603397233e+00
1.0250000000e+00  -2.3832214942e+00
1.0750000000e+00  -2.3029857739e+00
1.1250000000e+00  -2.2283541867e+00
1.1750000000e+00  -2.1485798025e+00
1.2250000000e+00  -2.0676056462e+00
1.2750000000e+00  -1.9686475227e+00
1.3250000000e+00  -1.8509835690e+00
1.3750000000e+00  -1.7390776259e+00
1.4250000000e+00  -1.5820558750e+00
1.4750000000e+00  -1.4089182496e+00
1.5250000000e+00  -1.2081958025e+00
1.5750000000e+00  -1.0245797040e+00
1.6250000000e+00  -8.2498703930e-01
1.6750000000e+00  -6.2191877898e-01
1.7250000000e+00  -4.3392119686e-01
1.7750000000e+00  -2.5794910959e-01
1.8250000000e+00  -9.5517375237e-02
1.8750000000e+00  3.6636842448e-02
1.9250000000e+00  1.1898598607e-01
1.9750000000e+00  1.4685091367e-01
2.0250000000e+00  1.4192263454e-01
2.0750000000e+00  9.7837156126e-02
2.1250000000e+00  3.4354345825e-02
2.1750000000e+00  -3.6403565650e-02
2.2250000000e+00  -1.1433005730e-01
2.2750000000e+00  -1.9020970212e-01
2.3250000000e+00  -2.3998204719e-01
2.3750000000e+00  -2.8287532407e-01
2.4250000000e+00  -3.0420264725e-01
2.4750000000e+00  -3.1369851375e-01
2.5250000000e+00  -3.0458896537e-01
2.5750000000e+00  -2.7381346699e-01
2.6250000000e+00  -2.2897523328e-01
2.6750000000e+00  -1.5901606733e-01
2.7250000000e+00  -7.7632264682e-02
2.7750000000e+00  2.2302618221e-02
2.8250000000e+00  1.0564861781e-01
2.8750000000e+00  1.8748751004e-01
2.9250000000e+00  2.6416356608e-01
2.9750000000e+00  3.1101850300e-01
3.0250000000e+00  3.3849450180e-01
3.0750000000e+00  3.6328932738e-01
3.1250000000e+00  3.6443344830e-01
3.1750000000e+00  3.7538389046e-01
3.2250000000e+00  3.7868443157e-01
3.2750000000e+00  3.8450898587e-01
3.3250000000e+00  3.7286762781e-01
3.3750000000e+00  3.6544830467e-01
3.4250000000e+00  3.5730854186e-01
3.4750000000e+00  3.3214446418e-01
3.5250000000e+00  3.0082134320e-01
3.5750000000e+00  2.6552180106e-01
3.6250000000e+00  2.3102053815e-01
3.6750000000e+00  1.8409967097e-01
3.7250000000e+00  1.4837372402e-01
3.7750000000e+00  1.1402035971e-01
3.8250000000e+00  8.0084357856e-02
3.8750000000e+00  4.7901147230e-02
3.9250000000e+00  5.8501062133e-03
3.9750000000e+00  -2.7248242713e-02
4.0250000000e+00  -6.7701592533e-02
4.0750000000e+00  -1.1266604228e-01
4.1250000000e+00  -1.4102770607e-01
4.1750000000e+00  -1.6552582067e-01
4.2250000000e+00  -1.9391323269e-01
4.2750000000e+00  -2.1023021700e-01
4.3250000000e+00  -2.3009177506e-01
4.3750000000e+00  -2.3704025649e-01
4.4250000000e+00  -2.4579804613e-01
4.4750000000e+00  -2.5296481691e-01
4.5250000000e+00  -2.6391117591e-01
4.5750000000e+00  -2.6080853998e-01
4.6250000000e+00  -2.5661856934e-01
4.6750000000e+00  -2.4425071325e-01
4.7250000000e+00  -2.2566453825e-01
4.7750000000e+00  -2.0032509239e-01
4.8250000000e+00  -1.7788726464e-01
4.8750000000e+00  -1.5034988661e-01
4.9250000000e+00  -1.1807113560e-01
4.9750000000e+00  -7.2457061926e-02
5.0250000000e+00  -3.8911966034e-02
5.0750000000e+00  -9.2870095006e-03
5.1250000000e+00  2.3428614238e-02
5.1750000000e+00  4.5205225329e-02
5.2250000000e+00  5.9325204861e-02
5.2750000000e+00  7.3826800112e-02
5.3250000000e+00  8.4657684498e-02
5.3750000000e+00  9.9039442386e-02
5.4250000000e+00  1.0786042855e-01
5.4750000000e+00  1.1765961910e-01
5.5250000000e+00  1.2399291268e-01
5.5750000000e+00  1.1978669226e-01
5.6250000000e+00  1.2128339988e-01
5.6750000000e+00  1.1920398955e-01
5.7250000000e+00  1.1354224526e-01
5.7750000000e+00  1.1040701628e-01
5.8250000000e+00  9.9923414498e-02
5.8750000000e+00  8.8934454505e-02
5.9250000000e+00  9.1530591382e-02
5.9750000000e+00  8.6188807367e-02
6.0250000000e+00  7.3789852964e-02
6.0750000000e+00  6.2277990465e-02
6.1250000000e+00  4.9963475940e-02
6.1750000000e+00  4.1895025626e-02
6.2250000000e+00  3.3919792531e-02
6.2750000000e+00  3.0345757511e-02
6.3250000000e+00  1.8815214022e-02
6.3750000000e+00  1.8746534590e-02
6.4250000000e+00  1.0730157519e-02
6.4750000000e+00  9.1958317637e-03
6.5250000000e+00  6.7349097525e-03
6.5750000000e+00  7.8700259549e-04
6.6250000000e+00  -9.0088995505e-03
6.6750000000e+00  -5.2235778070e-03
6.7250000000e+00  -5.7014860056e-03
6.7750000000e+00  -1.1826446140e-02
6.8250000000e+00  -1.5630913072e-02
6.8750000000e+00  -1.0547737969e-02
6.9250000000e+00  -1.2809735297e-02
6.9750000000e+00  -8.3891614590e-03
7.0250000000e+00  -1.2460516188e-02
7.0750000000e+00  -1.1877742194e-02
7.1250000000e+00  -9.4011105879e-03
7.1750000000e+00  -6.9160021326e-03
7.2250000000e+00  2.1953498706e-03
7.2750000000e+00  3.0961783375e-03
7.3250000000e+00  1.0721881235e-02
7.3750000000e+00  7.8432296851e-03
7.4250000000e+00  1.7248766188e-02
7.4750000000e+00  1.6844353949e-02
7.5250000000e+00  1.5158698269e-02
7.5750000000e+00  2.2081695678e-02
7.6250000000e+00  2.5833625457e-02
7.6750000000e+00  1.9368298205e-02
7.7250000000e+00  2.7138818220e-02
7.7750000000e+00  3.6432180171e-02
7.8250000000e+00  2.9011080134e-02
7.8750000000e+00  2.4519681098e-02
7.9250000000e+00  2.6512623899e-02
7.9750000000e+00  2.3964477590e-02
8.0250010000e+00  2.7253711611e-02
8.0750000000e+00  2.4271080170e-02
8.1250000000e+00  2.2129106086e-02
8.1750000000e+00  2.9113634443e-02
8.2250000000e+00  3.1739075733e-02
8.2750010000e+00  3.2981830924e-02
8.3250000000e+00  2.9643726126e-02
8.3750000000e+00  2.5658958223e-02
8.4250000000e+00  2.4966360206e-02
8.4750000000e+00  2.4959490623e-02
8.5250010000e+00  2.2311556522e-02
8.5750000000e+00  1.6068359930e-02
8.6250000000e+00  1.7291856514e-02
8.6750000000e+00  1.3529859052e-02
8.7250000000e+00  1.2254056179e-02
8.7750010000e+00  4.4568114622e-03
8.8250000000e+00  2.1985870581e-03
8.8750000000e+00  1.5081388613e-03
8.9250000000e+00  -7.9334451458e-03
8.9750000000e+00  -5.9298033403e-03
9.0250010000e+00  -7.5942800884e-03
9.0750000000e+00  -1.0166755408e-02
9.1250000000e+00  -1.2955494477e-02
9.1750000000e+00  -1.6191665603e-02
9.2250000000e+00  -1.7206055018e-02
9.2750010000e+00  -1.5371289275e-02
9.3250000000e+00  -1.3813922685e-02
9.3750000000e+00  -1.7491314348e-02
9.4250000000e+00  -1.6458382409e-02
9.4750000000e+00  -1.8620087877e-02
9.5250010000e+00  -2.2717216337e-02
9.5750000000e+00  -2.0753248683e-02
9.6250000000e+00  -1.1801937883e-02
9.6750000000e+00  -4.2247526802e-03
9.7250000000e+00  -7.5978628273e-03
9.7750010000e+00  -6.8599436503e-03
9.8250000000e+00  -1.1545172659e-02
9.8750000000e+00  -1.0516118647e-02
9.9250000000e+00  -1.3464961369e-02
9.9750000000e+00  -1.7864411920e-02
1.0025000000e+01  -2.3037488701e-02
1.0075000000e+01  -2.7708089777e-02
1.0125000000e+01  -2.7753609431e-02
1.0175000000e+01  -1.8438613631e-02
1.0225000000e+01  -1.8492909259e-02
1.0275000000e+01  -2.1453952760e-02
1.0325000000e+01  -2.1315596125e-02
1.0375000000e+01  -2.2909006310e-02
1.0425000000e+01  -2.8999739238e-02
1.0475000000e+01  -2.8045354653e-02
1.0525000000e+01  -2.2950920665e-02
1.0575000000e+01  -2.8328844955e-02
1.0625000000e+01  -3.2283509320e-02
1.0675000000e+01  -2.9349711194e-02
1.0725000000e+01  -3.4959479427e-02
1.0775000000e+01  -3.7046710331e-02
1.0825000000e+01  -3.6238175841e-02
1.0875000000e+01  -3.9777223896e-02
1.0925000000e+01  -3.5644314594e-02
1.0975000000e+01  -3.3324017882e-02
1.1025000000e+01  -2.8892056716e-02
1.1075000000e+01  -2.6983283564e-02
1.1125000000e+01  -2.9847486580e-02
1.1175000000e+01  -3.0434187843e-02
1.1225000000e+01  -2.3100908069e-02
1.1275000000e+01  -2.6263168612e-02
1.1325000000e+01  -2.9744536704e-02
1.1375000000e+01  -2.5231421783e-02
1.1425000000e+01  -2.9048735417e-02
1.1475000000e+01  -2.4488393228e-02
1.1525000000e+01  -1.7662018313e-02
1.1575000000e+01  -2.5352008496e-02
1.1625000000e+01  -1.8899193601e-02
1.1675000000e+01  -8.9171354999e-03
1.1725000000e+01  -1.0299843865e-02
1.1775000000e+01  -1.7734645897e-02
1.1825000000e+01  -1.1823760894e-02
1.1875000000e+01  -5.5472954293e-03
1.1925000000e+01  -8.7003096638e-03
1.1975000000e+01  -1.5798346648e-02
1.2025000000e+01  -1.9151522893e-02
1.2075000000e+01  -1.1963882480e-02
1.2125000000e+01  -8.6303697951e-03
1.2175000000e+01  -5.6817845955e-03
1.2225000000e+01  -2.7553919710e-04
1.2275000000e+01  5.6505836679e-04
1.2325000000e+01  2.3881718430e-03
1.2375000000e+01  1.5345800061e-03
1.2425000000e+01  9.6015990957e-04
1.2475000000e+01  4.7566904181e-03
1.2525000000e+01  1.2996849744e-03
1.2575000000e+01  -1.6316451187e-03
1.2625000000e+01  -6.1161174248e-04
1.2675000000e+01  8.5846297746e-04
1.2725000000e+01  5.9005013406e-03
1.2775000000e+01  1.5857925911e-02
1.2825000000e+01  1.3494603389e-02
1.2875000000e+01  9.2144580512e-03
1.2925000000e+01  1.1068991156e-02
1.2975000000e+01  1.1207510334e-02
1.3025000000e+01  9.7692589657e-03
1.3075000000e+01  1.1270922953e-02
1.3125000000e+01  1.5146247708e-02
1.3175000000e+01  1.5228035446e-02
1.3225000000e+01  9.0550486906e-03
1.3275000000e+01  6.8699450120e-03
1.3325000000e+01  1.5544315078e-02
1.3375000000e+01  2.2276448435e-02
1.3425000000e+01  2.1326030003e-02
1.3475000000e+01  1.7918487462e-02
1.3525000000e+01  2.2060344900e-02
1.3575000000e+01  2.5538044359e-02
1.3625000000e+01  2.0766524449e-02
1.3675000000e+01  1.3205491661e-02
1.3725000000e+01  1.4128800916e-02
1.3775000000e+01  1.2454575803e-02
1.3825000000e+01  7.9363507732e-03
1.3875000000e+01  1.1996352483e-02
1.3925000000e+01  1.7393794974e-02
1.3975000000e+01  2.0101793844e-02
1.4025000000e+01  2.5235699637e-02
1.4075000000e+01  3.0240716205e-02
1.4125000000e+01  2.9008665156e-02
1.4175000000e+01  2.7305529421e-02
1.4225000000e+01  2.7547893001e-02
1.4275000000e+01  2.3710033519e-02
1.4325000000e+01  2.4845226040e-02
1.4375000000e+01  2.8297177489e-02
1.4425000000e+01  2.8576791941e-02
1.4475000000e+01  2.9663701002e-02
1.4525000000e+01  3.1363907515e-02
1.4575000000e+01  3.4356839612e-02
1.4625000000e+01  3.4587600847e-02
1.4675000000e+01  2.9674118910e-02
1.4725000000e+01  2.7077494473e-02
1.4775000000e+01  2.8383490995e-02
1.4825000000e+01  3.1736144184e-02
1.4875000000e+01  3.3727636264e-02
1.4925000000e+01  3.4900492740e-02
1.4975000000e+01  3.4704407506e-02
1.5025000000e+01  3.2947471177e-02
1.5075000000e+01  2.8686030587e-02
1.5125000000e+01  2.2361147296e-02
1.5175000000e+01  2.3411536671e-02
1.5225000000e+01  3.2737393125e-02
1.5275000000e+01  3.4757379965e-02
1.5325000000e+01  2.7907699775e-02
1.5375000000e+01  2.1315946803e-02
1.5425000000e+01  1.7210653607e-02
1.5475000000e+01  1.5226509670e-02
1.5525000000e+01  1.6180729079e-02
1.5575000000e+01  1.6390274538e-02
1.5625000000e+01  1.4187391602e-02
1.5675000000e+01  8.7198927641e-03
1.5725000000e+01  2.9638897206e-03
1.5775000000e+01  2.2036710546e-03
1.5825000000e+01  -2.8008764967e-04
1.5875000000e+01  -1.8213541391e-03
1.5925000000e+01  -4.0979121308e-04
1.5975000000e+01  -1.9555454253e-04
1.6025000000e+01  -1.0679526983e-04
1.6075000000e+01  -3.1704243331e-05
1.6125000000e+01  -1.0999208294e-03
1.6175000000e+01  -5.7578180636e-03
1.6225000000e+01  -1.4090455738e-02
1.6275000000e+01  -1.8154469317e-02
1.6325000000e+01  -1.7172537541e-02
1.6375000000e+01  -1.4266759112e-02
1.6425000000e+01  -1.2810382121e-02
1.6475000000e+01  -1.3755408212e-02
1.6525000000e+01  -1.5200629129e-02
1.6575000000e+01  -1.9519501034e-02
1.6625000000e+01  -2.6245382819e-02
1.6675000000e+01  -3.0918611579e-02
1.6725000000e+01  -3.0083074926e-02
1.6775000000e+01  -2.6899799127e-02
1.6825000000e+01  -2.4408855277e-02
1.6875000000e+01  -2.2075689356e-02
1.6925000000e+01  -2.5249222637e-02
1.6975000000e+01  -3.2220981583e-02
1.7025000000e+01  -3.3367840682e-02
1.7075000000e+01  -2.9345992769e-02
1.7125000000e+01  -2.9319239009e-02
1.7175000000e+01  -2.9150473693e-02
1.7225000000e+01  -2.4159418837e-02
1.7275000000e+01  -2.1858636143e-02
1.7325000000e+01  -2.4628879158e-02
1.7375000000e+01  -2.8903888618e-02
1.7425000000e+01  -2.9952721454e-02
1.7475000000e+01  -2.5751012866e-02
1.7525000000e+01  -2.2697323221e-02
1.7575000000e+01  -2.6799720397e-02
1.7625000000e+01  -3.5443853608e-02
1.7675000000e+01  -4.0817612054e-02
1.7725000000e+01  -4.2179197825e-02
1.7775000000e+01  -3.8349373992e-02
1.7825000000e+01  -3.0055436034e-02
1.7875000000e+01  -2.5080108203e-02
1.7925000000e+01  -2.3531551079e-02
1.7975000000e+01  -2.4196790971e-02
1.8025000000e+01  -2.6302688940e-02
1.8075000000e+01  -2.5124852079e-02
1.8125000000e+01  -1.9219609696e-02
1.8175000000e+01  -1.4814982523e-02
1.8225000000e+01  -1.5135159206e-02
1.8275000000e+01  -1.7312166711e-02
1.8325000000e+01  -1.7993805372e-02
1.8375000000e+01  -1.3754844903e-02
1.8425000000e+01  -6.3669326526e-03
1.8475000000e+01  -1.2846783999e-03
1.8525000000e+01  -6.1485832396e-04
1.8575000000e+01  -2.3026010943e-03
1.8625000000e+01  -3.1175853504e-03
1.8675000000e+01  -3.8805837645e-03
1.8725000000e+01  -6.8792583642e-03
1.8775000000e+01  -9.6930694399e-03
1.8825000000e+01  -1.0291973132e-02
1.8875000000e+01  -7.2937008952e-03
1.8925000000e+01  -2.5830205461e-03
1.8975000000e+01  4.6184671722e-04
1.9025000000e+01  5.9834061560e-04
1.9075000000e+01  6.0473431733e-04
1.9125000000e+01  6.8953428576e-04
1.9175000000e+01  -8.4127201479e-04
1.9225000000e+01  -4.0376435494e-03
1.9275000000e+01  -2.8339572594e-03
1.9325000000e+01  1.3580343325e-03
1.9375000000e+01  5.1524918403e-03
1.9425000000e+01  6.6560414193e-03
1.9475000000e+01  8.4667014495e-03
1.9525000000e+01  1.0327137583e-02
1.9575000000e+01  1.0460870128e-02
1.9625000000e+01  1.0154549078e-02
1.9675000000e+01  1.1199681472e-02
1.9725000000e+01  7.0030007670e-03
1.9775000000e+01  1.0184353556e-03
1.9825000000e+01  -3.9156242308e-04
1.9875000000e+01  3.0356480076e-03
1.9925000000e+01  9.6288306946e-03
1.9975000000e+01  1.5711197673e-02
2.0025000000e+01  1.7485342425e-02
2.0075000000e+01  1.4011380864e-02
2.0125000000e+01  1.4130709966e-02
2.0175000000e+01  1.7842789549e-02
2.0225000000e+01  2.0977949132e-02
2.0275000000e+01  2.0283430488e-02
2.0325000000e+01  1.9064462945e-02
2.0375000000e+01  1.7031974581e-02
2.0425000000e+01  1.6171980469e-02
2.0475000000e+01  1.9918658234e-02
2.0525000000e+01  2.3364360930e-02
2.0575000000e+01  1.9659135270e-02
2.0625000000e+01  1.2067180656e-02
2.0675000000e+01  1.1567946751e-02
2.0725000000e+01  1.4743820257e-02
2.0775000000e+01  1.8319895956e-02
2.0825000000e+01  2.1383179426e-02
2.0875000000e+01  2.3917309931e-02
2.0925000000e+01  2.5097047680e-02
2.0975000000e+01  2.5126309104e-02
2.1025000000e+01  2.4761761434e-02
2.1075000000e+01  2.5431413121e-02
2.1125000000e+01  2.4237689694e-02
2.1175000000e+01  2.0040968821e-02
2.1225000000e+01  1.8134938303e-02
2.1275000000e+01  1.7391590465e-02
2.1325000000e+01  1.8796736760e-02
2.1375000000e+01  2.1416855288e-02
2.1425000000e+01  2.5237591166e-02
2.1475000000e+01  2.4908707696e-02
2.1525000000e+01  1.9139871780e-02
2.1575000000e+01  1.1872245588e-02
2.1625000000e+01  7.0325482014e-03
2.1675000000e+01  5.3620693461e-03
2.1725000000e+01  6.7406271858e-03
2.1775000000e+01  7.5146825687e-03
2.1825000000e+01  7.7764620913e-03
2.1875000000e+01  5.6301683224e-03
2.1925000000e+01  4.3552656898e-03
2.1975000000e+01  3.0103031522e-03
2.2025000000e+01  4.4618407200e-03
2.2075000000e+01  5.8425922873e-03
2.2125000000e+01  5.5538534267e-03
2.2175000000e+01  4.8579890943e-03
2.2225000000e+01  5.7349340936e-03
2.2275000000e+01  6.9039142738e-03
2.2325000000e+01  6.0384336390e-03
2.2375000000e+01  4.0724054448e-03
2.2425000000e+01  4.9558802742e-04
2.2475000000e+01  -7.9954502547e-04
2.2525000000e+01  -3.3786621580e-03
2.2575000000e+01  -5.7286165465e-03
2.2625000000e+01  -8.6414147283e-03
2.2675000000e+01  -9.0080034359e-03
2.2725000000e+01  -7.9128657957e-03
2.2775000000e+01  -9.6958595110e-03
2.2825000000e+01  -1.2193396312e-02
2.2875000000e+01  -1.1192474781e-02
2.2925000000e+01  -6.1682411399e-03
2.2975000000e+01  -4.3805715691e-03
2.3025000000e+01  -3.5109760452e-03
2.3075000000e+01  -2.7121656674e-03
2.3125000000e+01  -6.1451327190e-04
2.3175000000e+01  -2.9518074632e-03
2.3225000000e+01  -7.7815484872e-03
2.3275000000e+01  -1.0039339981e-02
2.3325000000e+01  -9.2503590280e-03
2.3375000000e+01  -8.9731785485e-03
2.3425000000e+01  -1.1287957636e-02
2.3475000000e+01  -1.2706585076e-02
2.3525000000e+01  -1.2461037022e-02
2.3575000000e+01  -1.3217654212e-02
2.3625000000e+01  -1.5700774249e-02
2.3675000000e+01  -1.8819359344e-02
2.3725000000e+01  -1.7983631928e-02
2.3775000000e+01  -1.6157315059e-02
2.3825000000e+01  -1.4395061863e-02
2.3875000000e+01  -1.5635386530e-02
2.3925000000e+01  -1.4378852882e-02
2.3975000000e+01  -1.3115890425e-02
2.4025000000e+01  -1.1892957188e-02
2.4075000000e+01  -1.3947498517e-02
2.4125000000e+01  -1.7444724958e-02
2.4175000000e+01  -1.8505710959e-02
2.4225000000e+01  -1.4437811496e-02
2.4275000000e+01  -8.2479557029e-03
2.4325000000e+01  -5.8646183610e-03
2.4375000000e+01  -8.3531114570e-03
2.4425000000e+01  -9.2285579359e-03
2.4475000000e+01  -7.7376127582e-03
2.4525000000e+01  -4.2518701900e-03
2.4575000000e+01  -3.1337771075e-03
2.4625000000e+01  -3.8559542090e-03
2.4675000000e+01  -5.1501530516e-03
2.4725000000e+01  -5.1422218622e-03
2.4775000000e+01  -3.6774519082e-03
2.4825000000e+01  -1.6385561939e-03
2.4875000000e+01  -1.0435719427e-03
2.4925000000e+01  -3.9180594630e-03
2.4975000000e+01  -7.3825805935e-03
2.5025000000e+01  -9.8565580305e-03
2.5075000000e+01  -9.1982064329e-03
2.5125000000e+01  -7.3002614838e-03
2.5175000000e+01  -4.5005388725e-03
2.5225000000e+01  -3.7570292181e-03
2.5275000000e+01  -3.8120603409e-03
2.5325000000e+01  -4.5164630254e-03
2.5375000000e+01  -5.0314497976e-03
2.5425000000e+01  -5.4377418841e-03
2.5475000000e+01  -6.0584649841e-03
2.5525000000e+01  -4.5261549199e-03
2.5575000000e+01  -2.4124478984e-03
2.5625000000e+01  -7.6703282893e-04
2.5675000000e+01  -2.6528698376e-04
2.5725000000e+01  -5.3179062919e-04
2.5775000000e+01  8.4263206576e-05
2.5825000000e+01  -3.8543253004e-04
2.5875000000e+01  -8.9709628338e-04
2.5925000000e+01  -1.3700694433e-03
2.5975000000e+01  -1.7396511668e-03
2.6025000000e+01  -3.1995602999e-03
2.6075000000e+01  -6.2800033059e-03
2.6125000000e+01  -8.0650891884e-03
2.6175000000e+01  -7.8504044122e-03
2.6225000000e+01  -4.4020956949e-03
2.6275000000e+01  -2.4261315930e-04
2.6325000000e+01  2.4957534089e-03
2.6375000000e+01  4.7741024433e-03
2.6425000000e+01  7.2383533283e-03
2.6475000000e+01  9.8894603441e-03
2.6525000000e+01  1.0092584699e-02
2.6575000000e+01  6.1147784497e-03
2.6625000000e+01  1.6761908383e-03
2.6675000000e+01  -2.2090779280e-03
2.6725000000e+01  -2.4311647960e-03
2.6775000000e+01  -1.0510213241e-03
2.6825000000e+01  1.9613672883e-03
2.6875000000e+01  7.0095977898e-03
2.6925000000e+01  1.2486897281e-02
2.6975000000e+01  1.8348039702e-02
2.7025000000e+01  2.0283961737e-02
2.7075000000e+01  2.0508532541e-02
2.7125000000e+01  2.0154149911e-02
2.7175000000e+01  2.0316902069e-02
2.7225000000e+01  1.7779371557e-02
2.7275000000e+01  1.3826456154e-02
2.7325000000e+01  9.7210066470e-03
2.7375000000e+01  8.8612469457e-03
2.7425000000e+01  9.3989410111e-03
2.7475000000e+01  9.5537371559e-03
2.7525000000e+01  8.5247174857e-03
2.7575000000e+01  9.0635761946e-03
2.7625000000e+01  9.4909704781e-03
2.7675000000e+01  9.5524328265e-03
2.7725000000e+01  8.2980686078e-03
2.7775000000e+01  6.5048543551e-03
2.7825000000e+01  4.6977418045e-03
2.7875000000e+01  3.1091399264e-03
2.7925000000e+01  1.5258815566e-03
2.7975000000e+01  1.3510147680e-03
2.8025000000e+01  1.5718410659e-03
2.8075000000e+01  1.5518948920e-03
2.8125000000e+01  1.7896400353e-03
2.8175000000e+01  1.5063306712e-03
2.8225000000e+01  1.4430245808e-03
2.8275000000e+01  3.5402523104e-04
2.8325000000e+01  7.7500637410e-04
2.8375000000e+01  9.0949307763e-04
2.8425000000e+01  2.9891622379e-03
2.8475000000e+01  2.2790240889e-03
2.8525000000e+01  1.0105096756e-03
2.8575000000e+01  -6.9672836109e-04
2.8625000000e+01  -1.5000346121e-03
2.8675000000e+01  1.2984711539e-03
2.8725000000e+01  2.9966445612e-03
2.8775000000e+01  5.6551489981e-03
2.8825000000e+01  7.0548316931e-03
2.8875000000e+01  9.0189474285e-03
2.8925000000e+01  1.2078106731e-02
2.8975000000e+01  1.3943048303e-02
2.9025000000e+01  1.2503294997e-02
2.9075000000e+01  8.9923675417e-03
2.9125000000e+01  5.3256951232e-03
2.9175000000e+01  1.9410655225e-03
2.9225000000e+01  -1.9166948131e-04
2.9275000000e+01  -3.2389389659e-03
2.9325000000e+01  -6.3811341203e-03
2.9375000000e+01  -7.1872361781e-03
2.9425000000e+01  -7.8352149832e-03
2.9475000000e+01  -7.8193191316e-03
2.9525000000e+01  -7.9528279914e-03
2.9575000000e+01  -8.7737899730e-03
2.9625000000e+01  -8.6270173864e-03
2.9675000000e+01  -7.7010663873e-03
2.9725000000e+01  -7.1349653641e-03
2.9775000000e+01  -6.2308652113e-03
2.9825000000e+01  -6.0868368942e-03
2.9875000000e+01  -6.8936657081e-03
2.9925000000e+01  -6.9797938958e-03
2.9975000000e+01  -6.5852902992e-03
3.0025000000e+01  -3.7295698676e-03
3.0075000000e+01  -7.7592924382e-04
3.0125000000e+01  1.4928012075e-04
3.0175000000e+01  -2.2927898032e-03
3.0225000000e+01  -8.4140035246e-03
3.0275000000e+01  -1.4386148574e-02
3.0325000000e+01  -1.8087212298e-02
3.0375000000e+01  -1.8607180303e-02
3.0425000000e+01  -1.6136689800e-02
3.0475000000e+01  -1.2745793520e-02
3.0525000000e+01  -1.1236471313e-02
3.0575000000e+01  -1.0830790330e-02
3.0625000000e+01  -1.1772180055e-02
3.0675000000e+01  -1.2698114877e-02
3.0725000000e+01  -1.2371919908e-02
3.0775000000e+01  -1.2961054320e-02
3.0825000000e+01  -1.2747019474e-02
3.0875000000e+01  -1.3856980744e-02
3.0925000000e+01  -1.5262036348e-02
3.0975000000e+01  -1.6573014763e-02
3.1025000000e+01  -1.6327755832e-02
3.1075000000e+01  -1.4751447652e-02
3.1125000000e+01  -9.4345863686e-03
3.1175000000e+01  -5.4321157979e-03
3.1225000000e+01  -2.1448531179e-03
3.1275000000e+01  -1.7602558298e-04
3.1325000000e+01  9.1346599849e-04
3.1375000000e+01  3.4809405022e-03
3.1425000000e+01  6.3719246508e-03
3.1475000000e+01  5.8566750491e-03
3.1525000000e+01  3.7072145966e-03
3.1575000000e+01  9.2078858904e-05
3.1625000000e+01  -3.1540762211e-03
3.1675000000e+01  -3.0384408488e-03
3.1725000000e+01  -1.2717000425e-03
3.1775000000e+01  1.2555108466e-03
3.1825000000e+01  2.5161672233e-03
3.1875000000e+01  2.1687054320e-03
3.1925000000e+01  1.4963847048e-03
3.1975000000e+01  5.9669490142e-04
3.2025000000e+01  1.8558354793e-03
3.2075000000e+01  1.9243795740e-03
3.2125000000e+01  1.7439803639e-03
3.2175000000e+01  2.6153689845e-03
3.2225000000e+01  3.4909553742e-03
3.2275000000e+01  4.5715707185e-03
3.2325000000e+01  5.9554712011e-03
3.2375000000e+01  6.2510773751e-03
3.2425000000e+01  6.4874297211e-03
3.2475000000e+01  6.9413336046e-03
3.2525000000e+01  6.9553997595e-03
3.2575000000e+01  4.0085618154e-03
3.2625000000e+01  -2.1815059387e-04
3.2675000000e+01  -2.9821288713e-03
3.2725000000e+01  -3.0973304511e-03
3.2775000000e+01  1.3809595520e-03
3.2825000000e+01  7.7782387375e-03
3.2875000000e+01  1.3180970953e-02
3.2925000000e+01  1.5487862778e-02
3.2975000000e+01  1.4633114484e-02
3.3025000000e+01  1.2350176502e-02
3.3075000000e+01  1.0149253179e-02
3.3125000000e+01  8.9105423528e-03
3.3175000000e+01  8.4697808419e-03
3.3225000000e+01  8.0910801979e-03
3.3275000000e+01  6.9764840531e-03
3.3325000000e+01  4.8994480339e-03
3.3375000000e+01  3.3218400487e-03
3.3425000000e+01  9.7723749989e-04
3.3475000000e+01  -3.6599668449e-04
3.3525000000e+01  2.7790353627e-04
3.3575000000e+01  -5.2382233292e-04
3.3625000000e+01  -7.4605715960e-04
3.3675000000e+01  -2.2483601182e-03
3.3725000000e+01  -4.2709496795e-03
3.3775000000e+01  -4.7459339272e-03
3.3825000000e+01  -5.8203750409e-03
3.3875000000e+01  -4.9359299656e-03
3.3925000000e+01  -5.0267455043e-03
3.3975000000e+01  -4.7281369783e-03
3.4025000000e+01  -3.5432156799e-03
3.4075000000e+01  -2.4278683295e-03
3.4125000000e+01  5.9786560577e-04
3.4175000000e+01  2.4142196736e-03
3.4225000000e+01  2.9474243467e-03
3.4275000000e+01  3.7057691360e-03
3.4325000000e+01  4.2031707114e-03
3.4375000000e+01  4.5327225749e-03
3.4425000000e+01  4.7659680145e-03
3.4475000000e+01  3.0237845175e-03
3.4525000000e+01  -7.7443970997e-04
3.4575000000e+01  -4.1134830675e-03
3.4625000000e+01  -5.2097634723e-03
3.4675000000e+01  -6.1914184941e-03
3.4725000000e+01  -6.8363782006e-03
3.4775000000e+01  -8.4725445300e-03
3.4825000000e+01  -1.2394122208e-02
3.4875000000e+01  -1.4328327355e-02
3.4925000000e+01  -1.2418742991e-02
3.4975000000e+01  -7.6216695108e-03
3.5025000000e+01  -2.2253048875e-03
3.5075000000e+01  2.1523858183e-03
3.5125000000e+01  1.9880743894e-03
3.5175000000e+01  -8.2149342703e-04
3.5225000000e+01  -3.6064793338e-03
3.5275000000e+01  -7.6537098887e-03
3.5325000000e+01  -9.7904056457e-03
3.5375000000e+01  -8.9424409734e-03
3.5425000000e+01  -8.5869833552e-03
3.5475000000e+01  -7.2793450386e-03
3.5525000000e+01  -7.2765860725e-03
3.5575000000e+01  -1.0514104622e-02
3.5625000000e+01  -1.4343769932e-02
3.5675000000e+01  -1.7009474476e-02
3.5725000000e+01  -1.8627518056e-02
3.5775000000e+01  -1.8021549767e-02
3.5825000000e+01  -1.5351083090e-02
3.5875000000e+01  -1.4610520820e-02
3.5925000000e+01  -1.4670396922e-02
3.5975000000e+01  -1.4689204678e-02
3.6025000000e+01  -1.4255361656e-02
3.6075000000e+01  -1.2194111187e-02
3.6125000000e+01  -1.0058151315e-02
3.6175000000e+01  -7.4448340643e-03
3.6225000000e+01  -5.6945526517e-03
3.6275000000e+01  -4.6423921783e-03
3.6325000000e+01  -4.1137032086e-03
3.6375000000e+01  -3.9537995481e-03
3.6425000000e+01  -3.5835302223e-03
3.6475000000e+01  -2.6950660318e-03
3.6525000000e+01  -2.1599592893e-03
3.6575000000e+01  -1.9414313763e-03
3.6625000000e+01  -3.2951947394e-03
3.6675000000e+01  -5.5154915585e-03
3.6725000000e+01  -9.1985035191e-03
3.6775000000e+01  -1.2825787554e-02
3.6825000000e+01  -1.4556703809e-02
3.6875000000e+01  -1.4589941872e-02
3.6925000000e+01  -1.2560679497e-02
3.6975000000e+01  -7.0843312187e-03
3.7025000000e+01  -2.8476529227e-03
3.7075000000e+01  -1.8884027226e-04
3.7125000000e+01  5.8010930452e-04
3.7175000000e+01  -1.9581395777e-03
3.7225000000e+01  -6.1276059411e-03
3.7275000000e+01  -8.4640992445e-03
3.7325000000e+01  -8.4170274822e-03
3.7375000000e+01  -7.5685198745e-03
3.7425000000e+01  -4.4540376838e-03
3.7475000000e+01  -1.6278208659e-03
3.7525000000e+01  -6.7007303209e-05
3.7575000000e+01  2.3461217475e-03
3.7625000000e+01  4.4965183316e-03
3.7675000000e+01  5.4737790837e-03
3.7725000000e+01  6.8704776007e-03
3.7775000000e+01  6.7155398595e-03
3.7825000000e+01  5.6412069568e-03
3.7875000000e+01  4.9794510469e-03
3.7925000000e+01  4.7616753182e-03
3.7975000000e+01  5.0985961746e-03
3.8025000000e+01  5.6640019464e-03
3.8075000000e+01  7.3812637227e-03
3.8125000000e+01  8.2883225117e-03
3.8175000000e+01  7.6269113495e-03
3.8225000000e+01  6.8075548462e-03
3.8275000000e+01  5.8305120953e-03
3.8325000000e+01  4.9713501594e-03
3.8375000000e+01  4.8584788873e-03
3.8425000000e+01  5.0854093382e-03
3.8475000000e+01  5.4621748317e-03
3.8525000000e+01  5.3620624958e-03
3.8575000000e+01  4.2779114372e-03
3.8625000000e+01  4.1979500874e-03
3.8675000000e+01  4.6029517256e-03
3.8725000000e+01  4.2924153184e-03
3.8775000000e+01  4.4101139250e-03
3.8825000000e+01  3.7753993265e-03
3.8875000000e+01  1.2278816837e-03
3.8925000000e+01  7.6022516321e-04
3.8975000000e+01  2.9280744460e-05
3.9025000000e+01  -2.4409658456e-04
3.9075000000e+01  -1.8540168626e-04
3.9125000000e+01  -1.6422870969e-03
3.9175000000e+01  -3.3094771236e-03
3.9225000000e+01  -4.8681892517e-03
3.9275000000e+01  -5.0395270530e-03
3.9325000000e+01  -3.8115345993e-03
3.9375000000e+01  -1.4072459748e-03
3.9425000000e+01  1.5834431250e-03
3.9475000000e+01  4.3257409060e-03
3.9525000000e+01  6.0601036375e-03
3.9575000000e+01  6.4970577808e-03
3.9625000000e+01  6.3975318009e-03
3.9675000000e+01  7.2899811594e-03
3.9725000000e+01  7.4418063585e-03
3.9775000000e+01  8.5694222650e-03
3.9825000000e+01  1.0099410300e-02
3.9875000000e+01  9.5080688865e-03
3.9925000000e+01  8.2822847827e-03
3.9975000000e+01  7.0207511452e-03
4.0025000000e+01  6.0150701386e-03
4.0075000000e+01  4.7244661153e-03
4.0125000000e+01  6.3641886081e-03
4.0175000000e+01  7.2949428603e-03
4.0225000000e+01  7.0857336933e-03
4.0275000000e+01  6.3908197369e-03
4.0325000000e+01  5.3671604153e-03
4.0375000000e+01  2.3986976347e-03
4.0425000000e+01  8.6031474996e-04
4.0475000000e+01  -1.9763451349e-04
4.0525000000e+01  -1.2653497133e-03
4.0575000000e+01  -2.6984008352e-03
4.0625000000e+01  -1.0459934521e-03
4.0675000000e+01  2.4152866300e-05
4.0725000000e+01  4.5224083168e-04
4.0775000000e+01  1.6034709111e-03
4.0825000000e+01  1.7490218933e-03
4.0875000000e+01  -1.4343740592e-04
4.0925000000e+01  -1.2342263607e-03
4.0975000000e+01  -2.5192913996e-03
4.1025000000e+01  -4.0566574696e-03
4.1075000000e+01  -4.7066742642e-03
4.1125000000e+01  -4.3415709546e-03
4.1175000000e+01  -4.6317985508e-03
4.1225000000e+01  -6.8065767803e-03
4.1275000000e+01  -7.0072167684e-03
4.1325000000e+01  -8.1273302561e-03
4.1375000000e+01  -8.6127928176e-03
4.1425000000e+01  -9.1003421877e-03
4.1475000000e+01  -9.3099480047e-03
4.1525000000e+01  -1.0355948708e-02
4.1575000000e+01  -1.0803756772e-02
4.1625000000e+01  -1.0756515567e-02
4.1675000000e+01  -1.0219930329e-02
4.1725000000e+01  -8.2665882228e-03
4.1775000000e+01  -6.2530885469e-03
4.1825000000e+01  -4.6429790144e-03
4.1875000000e+01  -4.6110031921e-03
4.1925000000e+01  -4.7305347783e-03
4.1975000000e+01  -6.2807664517e-03
4.2025000000e+01  -7.0650839226e-03
4.2075000000e+01  -7.7126485153e-03
4.2125000000e+01  -8.7322384235e-03
4.2175000000e+01  -1.0700042149e-02
4.2225000000e+01  -1.0694374344e-02
4.2275000000e+01  -1.1824409110e-02
4.2325000000e+01  -1.3012583505e-02
4.2375000000e+01  -1.3869497695e-02
4.2425000000e+01  -1.4195848395e-02
4.2475000000e+01  -1.4064319688e-02
4.2525000000e+01  -1.3609312346e-02
4.2575000000e+01  -1.2511663564e-02
4.2625000000e+01  -1.0209199868e-02
4.2675000000e+01  -7.3928739261e-03
4.2725000000e+01  -7.6643453408e-03
4.2775000000e+01  -6.2366429819e-03
4.2825000000e+01  -5.2780522732e-03
4.2875000000e+01  -4.0390209346e-03
4.2925000000e+01  -2.7547448689e-03
4.2975000000e+01  -2.4849502666e-03
4.3025000000e+01  -3.7489679458e-03
4.3075000000e+01  -5.4292288121e-03
4.3125000000e+01  -8.5828669678e-03
4.3175000000e+01  -1.2857283425e-02
4.3225000000e+01  -1.4283415401e-02
4.3275000000e+01  -1.3740166276e-02
4.3325000000e+01  -1.3003124303e-02
4.3375000000e+01  -1.0647817728e-02
4.3425000000e+01  -7.7066863956e-03
4.3475000000e+01  -5.3072930154e-03
4.3525000000e+01  -4.2951451676e-03
4.3575000000e+01  -3.6952134961e-03
4.3625000000e+01  -3.7989867334e-03
4.3675000000e+01  -5.0539938442e-03
4.3725000000e+01  -6.2848512896e-03
4.3775000000e+01  -7.8986908194e-03
4.3825000000e+01  -9.5493197322e-03
4.3875000000e+01  -1.1326971972e-02
4.3925000000e+01  -1.1535346087e-02
4.3975000000e+01  -1.1998682744e-02
4.4025000000e+01  -1.0356263422e-02
4.4075000000e+01  -7.7989464954e-03
4.4125000000e+01  -6.4456328726e-03
4.4175000000e+01  -4.9041521923e-03
4.4225000000e+01  -2.2323647830e-03
4.4275000000e+01  -7.2876594255e-04
4.4325000000e+01  3.3837030064e-05
4.4375000000e+01  4.4445653833e-04
4.4425000000e+01  8.3471402570e-04
4.4475000000e+01  -3.9016880254e-04
4.4525000000e+01  -9.5569448496e-05
4.4575000000e+01  -2.6413231187e-03
4.4625000000e+01  -7.1750293050e-03
4.4675000000e+01  -1.0211650790e-02
4.4725000000e+01  -1.0551952474e-02
4.4775000000e+01  -8.6944804468e-03
4.4825000000e+01  -4.7705564233e-03
4.4875000000e+01  -9.8961896562e-04
4.4925000000e+01  5.3157649829e-03
4.4975000000e+01  9.2037397467e-03
4.5025000000e+01  1.1614473147e-02
4.5075000000e+01  1.0634433138e-02
4.5125000000e+01  8.1695981892e-03
4.5175000000e+01  6.2063426913e-03
4.5225000000e+01  5.6811590237e-03
4.5275000000e+01  6.8622718161e-03
4.5325000000e+01  6.4730331441e-03
4.5375000000e+01  8.6627745952e-03
4.5425000000e+01  9.8893741157e-03
4.5475000000e+01  1.0971621826e-02
4.5525000000e+01  9.9414955411e-03
4.5575000000e+01  7.7782619197e-03
4.5625000000e+01  5.5138297888e-03
4.5675000000e+01  5.4735951929e-03
4.5725000000e+01  5.8375091619e-03
4.5775000000e+01  7.9874492806e-03
4.5825000000e+01  6.1324908845e-03
4.5875000000e+01  6.7230126764e-03
4.5925000000e+01  8.8226343009e-03
4.5975000000e+01  1.1526117018e-02
4.6025000000e+01  1.3650712623e-02
4.6075000000e+01  1.4143311324e-02
4.6125000000e+01  1.4133623961e-02
4.6175000000e+01  1.2955603127e-02
4.6225000000e+01  1.0635141292e-02
4.6275000000e+01  8.1175182051e-03
4.6325000000e+01  6.3925885214e-03
4.6375000000e+01  5.4883010476e-03
4.6425000000e+01  4.8630819995e-03
4.6475000000e+01  4.5791523634e-03
4.6525000000e+01  5.1981589516e-03
4.6575000000e+01  5.7889852121e-03
4.6625000000e+01  5.3170966193e-03
4.6675000000e+01  5.5598431334e-03
4.6725000000e+01  6.7821806152e-03
4.6775000000e+01  7.9010290724e-03
4.6825000000e+01  7.5525381632e-03
4.6875000000e+01  6.3006932742e-03
4.6925000000e+01  4.2256397523e-03
4.6975000000e+01  -1.9177726843e-03
4.7025000000e+01  -2.9560781461e-03
4.7075000000e+01  -5.1862247036e-03
4.7125000000e+01  -5.7519202589e-03
4.7175000000e+01  -5.6631775733e-03
4.7225000000e+01  -4.4675854209e-03
4.7275000000e+01  -3.6988284708e-03
4.7325000000e+01  -3.9918983113e-03
4.7375000000e+01  -4.4738300366e-03
4.7425000000e+01  -4.0924878207e-03
4.7475000000e+01  -3.1445399814e-03
4.7525000000e+01  -3.8678249970e-03
4.7575000000e+01  -1.5762438010e-03
4.7625000000e+01  -8.3604539743e-04
4.7675000000e+01  -2.5861487425e-04
4.7725000000e+01  -1.1897605336e-03
4.7775000000e+01  -1.9427189519e-03
4.7825000000e+01  -2.8417369828e-03
4.7875000000e+01  -3.4799463600e-03
4.7925000000e+01  -3.8269682700e-03
4.7975000000e+01  -3.8500066195e-03
4.8025000000e+01  -2.0583896137e-03
4.8075000000e+01  -1.2559533816e-03
4.8125000000e+01  8.2996817150e-04
4.8175000000e+01  1.2598596159e-03
4.8225000000e+01  2.5343034689e-03
4.8275000000e+01  2.5915909351e-03
4.8325000000e+01  1.0373273165e-03
4.8375000000e+01  -9.7306992486e-04
4.8425000000e+01  -2.8404179980e-03
4.8475000000e+01  -4.6382873042e-03
4.8525000000e+01  -5.7289976169e-03
4.8575000000e+01  -7.2535334605e-03
4.8625000000e+01  -8.1850887469e-03
4.8675000000e+01  -9.0161618535e-03
4.8725000000e+01  -9.4083937828e-03
4.8775000000e+01  -1.0936758793e-02
4.8825000000e+01  -1.3282253169e-02
4.8875000000e+01  -1.5497944677e-02
4.8925000000e+01  -1.6748715581e-02
4.8975000000e+01  -1.7844246114e-02
4.9025000000e+01  -1.8420309930e-02
4.9075000000e+01  -1.7214578924e-02
4.9125000000e+01  -1.3462160095e-02
4.9175000000e+01  -8.5486018712e-03
4.9225000000e+01  -1.4514218109e-03
4.9275000000e+01  2.3349059216e-03
4.9325000000e+01  4.6260928112e-03
4.9375000000e+01  4.8293551871e-03
4.9425000000e+01  2.4441894676e-03
4.9475000000e+01  -2.0186187174e-03
4.9525000000e+01  -7.5244202804e-03
4.9575000000e+01  -1.3081627840e-02
4.9625000000e+01  -1.8159237997e-02
4.9675000000e+01  -2.0945706151e-02
4.9725000000e+01  -2.0383649879e-02
4.9775000000e+01  -2.0457194161e-02
4.9825000000e+01  -2.0217243101e-02
4.9875000000e+01  -1.9123970973e-02
4.9925000000e+01  -1.7287120012e-02
4.9975000000e+01  -2.0206295480e-03
