0
-0.01356375669353453
0.040037610995132845
-0.10485664269091939
0.24974974378211395
-0.30469359577714417
-0.12280338591260352
1.05588214308203
-0.3164504961351364
-0.50022105583189
-0.38493160920081193
0.35571374008452256
0.5343319150200034
-0.1688329444722276
-0.4558762749137882
1.26602066325144
-1.382919334762669
0.4891028457185789
0.16180422078793272
-0.5340622581285946
0.6406602856100512
-0.4544880798570083
-0.7893045624422712
0.5464600150534638
-0.5331306406271021
0.7004970663235204
0.05376471304796806
0.02812458104274335
0.6781750177937357
0.3333611968212815
0.11134176452838153
0.4007814291419776
1.0046417941438035
0.4401772581149224
-0.6298520423206655
0.3921788210246444
0.03261134715728002
-0.0961143273694775
0.42427596418807473
-0.6874839755770977
-1.1143700186956251
-1.6033651900583097
-0.1764671650199359
0.6230794161979278
-0.30913723757650186
-0.3298563946920085
-0.7322299294817448
-0.9195236005287553
0.037714372869426874
-0.971486818821056
0.9607589828893576
0.9205112724861488
-0.8588435400631493
0.7368810861447989
-0.7848020247231668
0.42149377348460676
1.1309737269249585
0.21250211151602938
1.2140016200484558
-0.20241936600590157
1.059661610047278
-0.09492606094844477
-0.36348371123344686
0.4466636134114907
-0.027797941895019822
-0.5968020368425575
-0.3094728980620766
-0.2503699518354474
0.7941469146072814
-0.8711365373448318
-0.9426976410138918
-0.1947789541431853
0.27698961457078786
0.7931911097511299
-0.499726317805645
-1.3067180408979178
-0.5536523816278317
0.3275636199917234
-0.08106179841058854
0.2522545170156458
0.6877261278417871
0.375785465019971
-0.20566506848727298
0.22024811033938477
-0.07854220723890686
-0.19395631545809827
-0.29578391060663545
0.35890065631364787
0.19263870344444745
0.4192745892395749
-1.060343645973026
0.18067924238581812
-0.04484447809686583
1.0247458228211517
0.08155463933572638
-0.662733654161172
0.5431765762807956
-0.31977618300671823
-0.08107404307059593
-0.18943101979345925
0.8517240037419775
0.017839738477908332
-0.9813240923735874
0.1420645774663872
-0.49087415699774106
0.9955451543901407
0.2188563659935315
-0.443549127620222
-0.16838562995331863
-0.018834432906456436
-1.0946782166892903
0.42795625638482215
0.4619784853719328
0.042115813799124546
1.1151182304471943
-0.41551087843478135
0.06577351682572727
-0.07869828357008775
-0.5764267933002678
0.1348975482152418
0.031126536042476047
0.6853747067462521
-0.24207107635278283
0.6497448625202062
-0.7832990302519219
0.8906910154826968
0.3235200821838929
-1.1526509170127066
-0.5566377072662811
0.34420215553484057
-1.3441483579191231
-0.3055756078367954
0.7429088935459347
1.3966348099416899
-0.03874599938464219
0.5693672715757391
0.5140542366514514
-0.14426201502478994
-0.0639561928114615
-0.42584413676501587
-0.14144817503554014
-0.3019463717700515
-0.4489374400199362
0.6090704240120857
0.3769402376853051
0.33460596213138677
-1.4584737347778471
-0.200484238285305
-0.7532323631783749
1.1865498079054615
