1.7500000000e-01  -2.5867028939e+00
2.2500000000e-01  -2.5463884098e+00
2.7500000000e-01  -2.6843313731e+00
3.2500000000e-01  -2.7461043651e+00
3.7500000000e-01  -2.7615903689e+00
4.2500000000e-01  -2.8351395475e+00
4.7500000000e-01  -2.8786705744e+00
5.2500000000e-01  -2.9272797772e+00
5.7500000000e-01  -3.0094220306e+00
6.2500000000e-01  -3.0450658397e+00
6.7500000000e-01  -3.0336087531e+00
7.2500000000e-01  -3.0232970391e+00
7.7500000000e-01  -2.9744032866e+00
8.2500000000e-01  -2.9585454462e+00
8.7500000000e-01  -2.9400954529e+00
9.2500000000e-01  -2.9283546282e+00
9.7500000000e-01  -2.9010453813e+00
1.0250000000e+00  -2.9011287232e+00
1.0750000000e+00  -2.9046401630e+00
1.1250000000e+00  -2.8987499382e+00
1.1750000000e+00  -2.8591425016e+00
1.2250000000e+00  -2.8025703172e+00
1.2750000000e+00  -2.7245310517e+00
1.3250000000e+00  -2.6532192848e+00
1.3750000000e+00  -2.6045779406e+00
1.4250000000e+00  -2.5337517855e+00
1.4750000000e+00  -2.4524711651e+00
1.5250000000e+00  -2.3270130605e+00
1.5750000000e+00  -2.1667191208e+00
1.6250000000e+00  -1.9500506326e+00
1.6750000000e+00  -1.6811492612e+00
1.7250000000e+00  -1.4078192508e+00
1.7750000000e+00  -1.1196705042e+00
1.8250000000e+00  -8.2533090193e-01
1.8750000000e+00  -5.5184111440e-01
1.9250000000e+00  -2.9984471308e-01
1.9750000000e+00  -7.3187173515e-02
2.0250000000e+00  1.5362973539e-01
2.0750000000e+00  3.8444113231e-01
2.1250000000e+00  6.1924952032e-01
2.1750000000e+00  8.5135104995e-01
2.2250000000e+00  1.0669474406e+00
2.2750000000e+00  1.2611939520e+00
2.3250000000e+00  1.4239417369e+00
2.3750000000e+00  1.5465571703e+00
2.4250000000e+00  1.6382236608e+00
2.4750000000e+00  1.6658899038e+00
2.5250000000e+00  1.6420780289e+00
2.5750000000e+00  1.5643700565e+00
2.6250000000e+00  1.4225555930e+00
2.6750000000e+00  1.2365242218e+00
2.7250000000e+00  1.0272572644e+00
2.7750000000e+00  8.0930746431e-01
2.8250000000e+00  5.9095635590e-01
2.8750000000e+00  4.0310335701e-01
2.9250000000e+00  2.6240550994e-01
2.9750000000e+00  1.4135823456e-01
3.0250000000e+00  4.5087773126e-02
3.0750000000e+00  -3.9655797388e-02
3.1250000000e+00  -1.3579602045e-01
3.1750000000e+00  -2.2736227066e-01
3.2250000000e+00  -3.1827299398e-01
3.2750000000e+00  -4.0137600896e-01
3.3250000000e+00  -4.8419952937e-01
3.3750000000e+00  -5.4477569982e-01
3.4250000000e+00  -5.7789651293e-01
3.4750000000e+00  -6.0099908534e-01
3.5250000000e+00  -6.1534315961e-01
3.5750000000e+00  -6.2305447144e-01
3.6250000000e+00  -6.2853884215e-01
3.6750000000e+00  -6.3709173361e-01
3.7250000000e+00  -6.2759737396e-01
3.7750000000e+00  -6.0755584623e-01
3.8250000000e+00  -5.6436382960e-01
3.8750000000e+00  -5.0740431502e-01
3.9250000000e+00  -4.3380802681e-01
3.9750000000e+00  -3.5029328507e-01
4.0250000000e+00  -2.7476761293e-01
4.0750000000e+00  -2.0557693253e-01
4.1250000000e+00  -1.3624806213e-01
4.1750000000e+00  -6.4960377792e-02
4.2250000000e+00  -6.2302407590e-03
4.2750000000e+00  5.9349499360e-02
4.3250000000e+00  1.3103199926e-01
4.3750000000e+00  2.0693926722e-01
4.4250000000e+00  2.7218788024e-01
4.4750000000e+00  3.3305334402e-01
4.5250000000e+00  3.8608501346e-01
4.5750000000e+00  4.3885784170e-01
4.6250000000e+00  4.7947708593e-01
4.6750000000e+00  5.0988251865e-01
4.7250000000e+00  5.2395905829e-01
4.7750000000e+00  5.1755489455e-01
4.8250000000e+00  4.8587617425e-01
4.8750000000e+00  4.3096020118e-01
4.9250000000e+00  3.6798276397e-01
4.9750000000e+00  2.9946183892e-01
5.0250000000e+00  2.2987801580e-01
5.0750000000e+00  1.8023047580e-01
5.1250000000e+00  1.3580651961e-01
5.1750000000e+00  9.8397778802e-02
5.2250000000e+00  6.9083031259e-02
5.2750000000e+00  3.4299942353e-02
5.3250000000e+00  -1.2161101626e-02
5.3750000000e+00  -6.6859451851e-02
5.4250000000e+00  -1.1657622441e-01
5.4750000000e+00  -1.6998936612e-01
5.5250000000e+00  -2.1586037945e-01
5.5750000000e+00  -2.5057512826e-01
5.6250000000e+00  -2.6981480157e-01
5.6750000000e+00  -2.7837813744e-01
5.7250000000e+00  -2.9009259618e-01
5.7750000000e+00  -2.9213765497e-01
5.8250000000e+00  -2.9764865674e-01
5.8750000000e+00  -3.0135727930e-01
5.9250000000e+00  -2.8475328377e-01
5.9750000000e+00  -2.7225784692e-01
6.0250000000e+00  -2.5957451206e-01
6.0750000000e+00  -2.3694357133e-01
6.1250000000e+00  -2.1644422116e-01
6.1750000000e+00  -1.9362665189e-01
6.2250000000e+00  -1.7081293001e-01
6.2750000000e+00  -1.5061364407e-01
6.3250000000e+00  -1.2359508689e-01
6.3750000000e+00  -9.4064098673e-02
6.4250000000e+00  -5.8218496125e-02
6.4750000000e+00  -7.4834753792e-03
6.5250000000e+00  4.4412553041e-02
6.5750000000e+00  8.7733401854e-02
6.6250000000e+00  1.2065800970e-01
6.6750000000e+00  1.4899231043e-01
6.7250000000e+00  1.7309181249e-01
6.7750000000e+00  1.7859218011e-01
6.8250000000e+00  1.8213001505e-01
6.8750000000e+00  1.8358719131e-01
6.9250000000e+00  1.9694667627e-01
6.9750000000e+00  2.0898661463e-01
7.0250000000e+00  2.0309045838e-01
7.0750000000e+00  2.0775381165e-01
7.1250000000e+00  2.0181594026e-01
7.1750000000e+00  1.8793849010e-01
7.2250000000e+00  1.6261732544e-01
7.2750000000e+00  1.3688086813e-01
7.3250000000e+00  1.1207898600e-01
7.3750000000e+00  8.0013947216e-02
7.4250000000e+00  5.2376392818e-02
7.4750000000e+00  2.4819162669e-02
7.5250000000e+00  -5.8940695356e-03
7.5750000000e+00  -3.2072857349e-02
7.6250000000e+00  -4.9901593289e-02
7.6750000000e+00  -8.0259412979e-02
7.7250000000e+00  -9.9410765790e-02
7.7750000000e+00  -1.0654939333e-01
7.8250000000e+00  -1.1757189044e-01
7.8750000000e+00  -1.1860137367e-01
7.9250000000e+00  -1.2209152399e-01
7.9750000000e+00  -1.2491501484e-01
8.0250010000e+00  -1.2079627134e-01
8.0750000000e+00  -1.2200710593e-01
8.1250000000e+00  -1.2136285751e-01
8.1750000000e+00  -1.1739886656e-01
8.2250000000e+00  -1.1885422570e-01
8.2750010000e+00  -1.1006555322e-01
8.3250000000e+00  -1.0015346252e-01
8.3750000000e+00  -9.1334881909e-02
8.4250000000e+00  -7.8092703805e-02
8.4750000000e+00  -6.0994453124e-02
8.5250010000e+00  -4.5940768959e-02
8.5750000000e+00  -3.2346955555e-02
8.6250000000e+00  -1.2871988576e-02
8.6750000000e+00  2.9902198279e-03
8.7250000000e+00  2.2633988361e-02
8.7750010000e+00  3.1395730633e-02
8.8250000000e+00  4.2779664481e-02
8.8750000000e+00  5.2993129540e-02
8.9250000000e+00  6.7150652533e-02
8.9750000000e+00  8.0811574059e-02
9.0250010000e+00  9.5338513389e-02
9.0750000000e+00  1.0207445619e-01
9.1250000000e+00  1.0410632489e-01
9.1750000000e+00  1.1166115001e-01
9.2250000000e+00  1.1640497338e-01
9.2750010000e+00  1.1834733188e-01
9.3250000000e+00  1.1308271823e-01
9.3750000000e+00  1.0649602605e-01
9.4250000000e+00  1.0663543016e-01
9.4750000000e+00  1.0459364849e-01
9.5250010000e+00  8.8507762007e-02
9.5750000000e+00  7.2871564946e-02
9.6250000000e+00  6.8982606660e-02
9.6750000000e+00  5.9257579084e-02
9.7250000000e+00  4.3691141052e-02
9.7750010000e+00  2.6559108785e-02
9.8250000000e+00  1.3316566931e-02
9.8750000000e+00  6.9386281326e-03
9.9250000000e+00  -3.2146602583e-03
9.9750000000e+00  -1.6018045109e-02
1.0025000000e+01  -2.8492583994e-02
1.0075000000e+01  -3.6735391342e-02
1.0125000000e+01  -4.8997775307e-02
1.0175000000e+01  -5.5352831826e-02
1.0225000000e+01  -6.4410589472e-02
1.0275000000e+01  -7.5126779528e-02
1.0325000000e+01  -7.6553558234e-02
1.0375000000e+01  -7.6936248440e-02
1.0425000000e+01  -7.6680845922e-02
1.0475000000e+01  -7.2010182860e-02
1.0525000000e+01  -6.3803945748e-02
1.0575000000e+01  -6.1292302697e-02
1.0625000000e+01  -5.4986652648e-02
1.0675000000e+01  -4.5584967762e-02
1.0725000000e+01  -4.0137782023e-02
1.0775000000e+01  -3.4158017132e-02
1.0825000000e+01  -2.7314095498e-02
1.0875000000e+01  -1.8747789302e-02
1.0925000000e+01  -7.2517528343e-03
1.0975000000e+01  -3.9680864269e-04
1.1025000000e+01  1.1521936482e-02
1.1075000000e+01  1.9033016620e-02
1.1125000000e+01  2.6942827485e-02
1.1175000000e+01  3.3680948636e-02
1.1225000000e+01  4.0009002231e-02
1.1275000000e+01  4.6688422429e-02
1.1325000000e+01  4.8636921789e-02
1.1375000000e+01  5.2015269253e-02
1.1425000000e+01  5.2265949611e-02
1.1475000000e+01  5.3010892852e-02
1.1525000000e+01  5.0985865673e-02
1.1575000000e+01  4.2372908152e-02
1.1625000000e+01  3.8854605811e-02
1.1675000000e+01  3.7313974857e-02
1.1725000000e+01  3.2827138067e-02
1.1775000000e+01  2.1550184706e-02
1.1825000000e+01  1.4069145275e-02
1.1875000000e+01  1.2064322913e-02
1.1925000000e+01  5.7135128377e-03
1.1975000000e+01  -4.7833429249e-03
1.2025000000e+01  -1.0053260063e-02
1.2075000000e+01  -1.1587078931e-02
1.2125000000e+01  -1.6259972475e-02
1.2175000000e+01  -2.0049046570e-02
1.2225000000e+01  -2.3606583323e-02
1.2275000000e+01  -2.7740841235e-02
1.2325000000e+01  -3.1230482556e-02
1.2375000000e+01  -3.8550665171e-02
1.2425000000e+01  -4.3064675144e-02
1.2475000000e+01  -4.1377579802e-02
1.2525000000e+01  -4.2626682731e-02
1.2575000000e+01  -4.6606047565e-02
1.2625000000e+01  -5.0399721276e-02
1.2675000000e+01  -5.4219514868e-02
1.2725000000e+01  -5.4053153726e-02
1.2775000000e+01  -4.7209357305e-02
1.2825000000e+01  -4.7895958598e-02
1.2875000000e+01  -4.9690660624e-02
1.2925000000e+01  -4.3405177883e-02
1.2975000000e+01  -3.9623266731e-02
1.3025000000e+01  -3.7814485462e-02
1.3075000000e+01  -3.1396731874e-02
1.3125000000e+01  -2.6911017563e-02
1.3175000000e+01  -2.0866924283e-02
1.3225000000e+01  -1.9941106977e-02
1.3275000000e+01  -1.5915718482e-02
1.3325000000e+01  -4.2521294884e-03
1.3375000000e+01  4.0473498118e-03
1.3425000000e+01  1.1017060210e-02
1.3475000000e+01  1.6339997211e-02
1.3525000000e+01  2.0961619247e-02
1.3575000000e+01  2.4417135206e-02
1.3625000000e+01  2.8105721684e-02
1.3675000000e+01  2.8092805811e-02
1.3725000000e+01  2.8059560382e-02
1.3775000000e+01  2.9416183252e-02
1.3825000000e+01  2.8111929532e-02
1.3875000000e+01  2.7739105507e-02
1.3925000000e+01  2.7860490639e-02
1.3975000000e+01  2.9605443679e-02
1.4025000000e+01  2.9736093564e-02
1.4075000000e+01  2.4814511444e-02
1.4125000000e+01  2.0290178217e-02
1.4175000000e+01  1.7259077251e-02
1.4225000000e+01  1.3248087798e-02
1.4275000000e+01  6.5451025482e-03
1.4325000000e+01  1.3071126410e-03
1.4375000000e+01  -1.7008170141e-03
1.4425000000e+01  -4.6071860986e-03
1.4475000000e+01  -3.8183379294e-03
1.4525000000e+01  -7.9817497286e-04
1.4575000000e+01  9.2488479704e-04
1.4625000000e+01  -2.0075240561e-03
1.4675000000e+01  -8.3173704414e-03
1.4725000000e+01  -1.5569793542e-02
1.4775000000e+01  -1.9975184835e-02
1.4825000000e+01  -1.6967881697e-02
1.4875000000e+01  -1.1969554186e-02
1.4925000000e+01  -1.1371110363e-02
1.4975000000e+01  -1.0070401501e-02
1.5025000000e+01  -8.3777096026e-03
1.5075000000e+01  -1.1727499747e-02
1.5125000000e+01  -1.6874086742e-02
1.5175000000e+01  -1.2940888635e-02
1.5225000000e+01  -7.0172160530e-04
1.5275000000e+01  5.1895477703e-03
1.5325000000e+01  5.1045111560e-03
1.5375000000e+01  7.9006533711e-03
1.5425000000e+01  9.0939466057e-03
1.5475000000e+01  8.4615004147e-03
1.5525000000e+01  1.4564405943e-02
1.5575000000e+01  2.2309211337e-02
1.5625000000e+01  2.5691877035e-02
1.5675000000e+01  2.7264533141e-02
1.5725000000e+01  2.6123252886e-02
1.5775000000e+01  2.5903112156e-02
1.5825000000e+01  2.6845547701e-02
1.5875000000e+01  2.5844509549e-02
1.5925000000e+01  2.3655247174e-02
1.5975000000e+01  2.4275710159e-02
1.6025000000e+01  2.7744763144e-02
1.6075000000e+01  3.1676994064e-02
1.6125000000e+01  3.2856648179e-02
1.6175000000e+01  2.8483799260e-02
1.6225000000e+01  1.8880871118e-02
1.6275000000e+01  1.2095729551e-02
1.6325000000e+01  1.1274336380e-02
1.6375000000e+01  1.3707233971e-02
1.6425000000e+01  1.6451893229e-02
1.6475000000e+01  1.6217559079e-02
1.6525000000e+01  1.1350550486e-02
1.6575000000e+01  5.2569484515e-03
1.6625000000e+01  2.8095054683e-03
1.6675000000e+01  3.7264518300e-03
1.6725000000e+01  6.2272954155e-03
1.6775000000e+01  7.5325646772e-03
1.6825000000e+01  6.2599529552e-03
1.6875000000e+01  4.4281113478e-03
1.6925000000e+01  -1.2746423268e-04
1.6975000000e+01  -5.0935137792e-03
1.7025000000e+01  -5.2677021644e-03
1.7075000000e+01  -3.6693514005e-03
1.7125000000e+01  -8.2326382100e-03
1.7175000000e+01  -1.3011132980e-02
1.7225000000e+01  -1.1733284865e-02
1.7275000000e+01  -1.0410303153e-02
1.7325000000e+01  -1.0419438919e-02
1.7375000000e+01  -1.1794509172e-02
1.7425000000e+01  -1.4488364315e-02
1.7475000000e+01  -1.6669334444e-02
1.7525000000e+01  -1.9201590539e-02
1.7575000000e+01  -1.9429648360e-02
1.7625000000e+01  -1.8666922579e-02
1.7675000000e+01  -2.0039313731e-02
1.7725000000e+01  -2.1314212321e-02
1.7775000000e+01  -1.7584604228e-02
1.7825000000e+01  -1.0263756034e-02
1.7875000000e+01  -7.8846246537e-03
1.7925000000e+01  -9.6502179259e-03
1.7975000000e+01  -9.8007292656e-03
1.8025000000e+01  -7.3399521734e-03
1.8075000000e+01  -5.0208299918e-03
1.8125000000e+01  -2.3902105652e-03
1.8175000000e+01  -1.8176417741e-03
1.8225000000e+01  -5.6667728344e-03
1.8275000000e+01  -1.0044225376e-02
1.8325000000e+01  -9.3625995430e-03
1.8375000000e+01  -3.5808084822e-03
1.8425000000e+01  -3.4681096980e-04
1.8475000000e+01  -1.4365020516e-03
1.8525000000e+01  -9.3395882117e-04
1.8575000000e+01  1.3785711359e-03
1.8625000000e+01  6.2949723730e-04
1.8675000000e+01  -4.7137596404e-03
1.8725000000e+01  -1.2110734293e-02
1.8775000000e+01  -1.6059114043e-02
1.8825000000e+01  -1.2916734780e-02
1.8875000000e+01  -6.4611341176e-03
1.8925000000e+01  -2.0333952814e-03
1.8975000000e+01  -1.7233441632e-03
1.9025000000e+01  -4.1307194448e-03
1.9075000000e+01  -5.9162371020e-03
1.9125000000e+01  -8.9101534888e-03
1.9175000000e+01  -1.1658807416e-02
1.9225000000e+01  -1.3891797348e-02
1.9275000000e+01  -1.4467890108e-02
1.9325000000e+01  -1.4949425920e-02
1.9375000000e+01  -1.2914826399e-02
1.9425000000e+01  -1.0043820322e-02
1.9475000000e+01  -7.3129334883e-03
1.9525000000e+01  -6.0609021873e-03
1.9575000000e+01  -5.5994750059e-03
1.9625000000e+01  -5.8981228781e-03
1.9675000000e+01  -5.1680959895e-03
1.9725000000e+01  -5.3703145497e-03
1.9775000000e+01  -4.2383222131e-03
1.9825000000e+01  -2.7543565702e-03
1.9875000000e+01  -1.0339916277e-03
1.9925000000e+01  7.9307794538e-04
1.9975000000e+01  2.6479104288e-03
2.0025000000e+01  3.6172504520e-03
2.0075000000e+01  1.4296807202e-03
2.0125000000e+01  1.4486632677e-03
2.0175000000e+01  3.7852842214e-03
2.0225000000e+01  5.7511971112e-03
2.0275000000e+01  4.8128012469e-03
2.0325000000e+01  4.8672795060e-03
2.0375000000e+01  4.9843241580e-03
2.0425000000e+01  5.0934342309e-03
2.0475000000e+01  5.8770170935e-03
2.0525000000e+01  7.8945680177e-03
2.0575000000e+01  7.4490717370e-03
2.0625000000e+01  5.3340776946e-03
2.0675000000e+01  7.1480264578e-03
2.0725000000e+01  1.0339618102e-02
2.0775000000e+01  1.2421283599e-02
2.0825000000e+01  1.3590070313e-02
2.0875000000e+01  1.4067225071e-02
2.0925000000e+01  1.3908151310e-02
2.0975000000e+01  1.2448980105e-02
2.1025000000e+01  1.0023445299e-02
2.1075000000e+01  8.9488958920e-03
2.1125000000e+01  7.3307033826e-03
2.1175000000e+01  4.7455535823e-03
2.1225000000e+01  3.3776254216e-03
2.1275000000e+01  5.1013392802e-03
2.1325000000e+01  8.1151789966e-03
2.1375000000e+01  1.0368134274e-02
2.1425000000e+01  9.8817882491e-03
2.1475000000e+01  5.8649853375e-03
2.1525000000e+01  9.3876271775e-04
2.1575000000e+01  -3.0321786667e-03
2.1625000000e+01  -4.4551853184e-03
2.1675000000e+01  -4.5418094862e-03
2.1725000000e+01  -3.2096313224e-03
2.1775000000e+01  -2.1531249958e-03
2.1825000000e+01  -1.2586987671e-03
2.1875000000e+01  -1.5696349773e-03
2.1925000000e+01  -3.3608906247e-03
2.1975000000e+01  -5.8625119992e-03
2.2025000000e+01  -5.1190662288e-03
2.2075000000e+01  -1.3423308026e-03
2.2125000000e+01  1.8708048072e-03
2.2175000000e+01  3.4896509556e-03
2.2225000000e+01  4.5266066473e-03
2.2275000000e+01  5.8194310314e-03
2.2325000000e+01  6.0029256614e-03
2.2375000000e+01  4.3160696780e-03
2.2425000000e+01  2.5916678497e-03
2.2475000000e+01  3.7727314081e-03
2.2525000000e+01  4.5010919538e-03
2.2575000000e+01  2.4192048293e-03
2.2625000000e+01  -2.5294084018e-03
2.2675000000e+01  -7.4136373421e-03
2.2725000000e+01  -9.4437228319e-03
2.2775000000e+01  -7.8904673645e-03
2.2825000000e+01  -4.8185282430e-03
2.2875000000e+01  -1.5391352800e-03
2.2925000000e+01  -1.1583397704e-03
2.2975000000e+01  -1.4810421799e-03
2.3025000000e+01  5.9078233993e-04
2.3075000000e+01  3.7259992900e-03
2.3125000000e+01  5.0621351714e-03
2.3175000000e+01  5.1842469746e-03
2.3225000000e+01  4.9101202888e-03
2.3275000000e+01  5.8618410980e-03
2.3325000000e+01  5.1772108200e-03
2.3375000000e+01  3.4040671496e-03
2.3425000000e+01  5.6355066224e-04
2.3475000000e+01  1.1668408054e-03
2.3525000000e+01  2.1708731254e-03
2.3575000000e+01  1.9762314655e-03
2.3625000000e+01  -4.7804614931e-04
2.3675000000e+01  -9.3682580783e-04
2.3725000000e+01  1.8052990152e-03
2.3775000000e+01  4.3665497004e-03
2.3825000000e+01  3.0085074736e-03
2.3875000000e+01  -1.1154942776e-03
2.3925000000e+01  -2.3428986074e-03
2.3975000000e+01  -1.4190393222e-03
2.4025000000e+01  1.9304068146e-04
2.4075000000e+01  -8.4446130934e-04
2.4125000000e+01  -3.5664890052e-03
2.4175000000e+01  -5.8780471574e-03
2.4225000000e+01  -4.8326240639e-03
2.4275000000e+01  -1.6681673076e-03
2.4325000000e+01  1.0821932385e-04
2.4375000000e+01  -8.2778978866e-04
2.4425000000e+01  -8.3428599311e-04
2.4475000000e+01  -9.8545874605e-05
2.4525000000e+01  1.4594142217e-04
2.4575000000e+01  -1.2384856151e-03
2.4625000000e+01  -3.7484150116e-03
2.4675000000e+01  -5.4513970467e-03
2.4725000000e+01  -6.8784490664e-03
2.4775000000e+01  -6.1584453853e-03
2.4825000000e+01  -3.4795204775e-03
2.4875000000e+01  6.0829176906e-04
2.4925000000e+01  1.1447390534e-03
2.4975000000e+01  3.0217283776e-04
2.5025000000e+01  -1.1896617011e-03
2.5075000000e+01  5.5091021174e-04
2.5125000000e+01  3.9610323034e-03
2.5175000000e+01  7.0145715298e-03
2.5225000000e+01  7.5265619839e-03
2.5275000000e+01  6.6076139542e-03
2.5325000000e+01  5.5765913707e-03
2.5375000000e+01  3.4243123125e-03
2.5425000000e+01  4.9676375719e-04
2.5475000000e+01  -1.9065570394e-03
2.5525000000e+01  -1.3077315961e-03
2.5575000000e+01  1.8674124519e-04
2.5625000000e+01  -6.8544146666e-04
2.5675000000e+01  -2.9902180030e-03
2.5725000000e+01  -5.1803762878e-03
2.5775000000e+01  -4.7504446130e-03
2.5825000000e+01  -4.5627536963e-03
2.5875000000e+01  -4.7154690513e-03
2.5925000000e+01  -5.1434802887e-03
2.5975000000e+01  -5.3989313713e-03
2.6025000000e+01  -6.8105272282e-03
2.6075000000e+01  -9.9065783894e-03
2.6125000000e+01  -1.2350988545e-02
2.6175000000e+01  -1.2629542812e-02
2.6225000000e+01  -9.0649529770e-03
2.6275000000e+01  -4.7039407092e-03
2.6325000000e+01  -1.1518731214e-03
2.6375000000e+01  3.8166120422e-04
2.6425000000e+01  1.8318862139e-03
2.6475000000e+01  2.9990061550e-03
2.6525000000e+01  2.7477396621e-03
2.6575000000e+01  -1.9787257478e-04
2.6625000000e+01  -2.6793250207e-03
2.6675000000e+01  -3.4490232943e-03
2.6725000000e+01  -1.0286738293e-03
2.6775000000e+01  1.2271186209e-03
2.6825000000e+01  3.9654884971e-03
2.6875000000e+01  6.7461635572e-03
2.6925000000e+01  9.9323484152e-03
2.6975000000e+01  1.0553055679e-02
2.7025000000e+01  8.0991369365e-03
2.7075000000e+01  4.3583827994e-03
2.7125000000e+01  2.6849236344e-03
2.7175000000e+01  2.4218511842e-03
2.7225000000e+01  9.2425233074e-05
2.7275000000e+01  -1.5727594761e-03
2.7325000000e+01  -3.2458018192e-03
2.7375000000e+01  -1.2814053474e-03
2.7425000000e+01  4.4673556416e-04
2.7475000000e+01  2.0367549550e-03
2.7525000000e+01  3.4491481018e-03
2.7575000000e+01  5.3534493017e-03
2.7625000000e+01  6.9729233859e-03
2.7675000000e+01  6.2174019046e-03
2.7725000000e+01  5.2127013940e-03
2.7775000000e+01  4.3813369043e-03
2.7825000000e+01  4.1481892645e-03
2.7875000000e+01  4.0619037030e-03
2.7925000000e+01  2.9687365008e-03
2.7975000000e+01  2.2998547242e-03
2.8025000000e+01  1.1378620611e-03
2.8075000000e+01  -1.2665640234e-04
2.8125000000e+01  -6.2356808481e-04
2.8175000000e+01  -4.8322822240e-04
2.8225000000e+01  -1.3486671233e-04
2.8275000000e+01  -6.0087024110e-04
2.8325000000e+01  -4.9324681130e-04
2.8375000000e+01  -5.4267693115e-04
2.8425000000e+01  4.6096103093e-04
2.8475000000e+01  -6.5335366134e-04
2.8525000000e+01  -1.3159093618e-03
2.8575000000e+01  -1.5200415567e-03
2.8625000000e+01  -4.6414963636e-04
2.8675000000e+01  2.5761784081e-04
2.8725000000e+01  -1.2496171419e-03
2.8775000000e+01  -3.9094531431e-03
2.8825000000e+01  -6.2949550885e-03
2.8875000000e+01  -5.7016786055e-03
2.8925000000e+01  -3.3402010795e-03
2.8975000000e+01  -1.4209697657e-04
2.9025000000e+01  9.4581949561e-04
2.9075000000e+01  2.2191995732e-03
2.9125000000e+01  2.1577870098e-03
2.9175000000e+01  1.5394314606e-03
2.9225000000e+01  -2.7521936117e-04
2.9275000000e+01  -1.6539812611e-03
2.9325000000e+01  -1.9516850050e-03
2.9375000000e+01  -1.2962654526e-03
2.9425000000e+01  -9.7584277842e-04
2.9475000000e+01  -1.5274835393e-03
2.9525000000e+01  -1.6189626906e-03
2.9575000000e+01  -1.2422612258e-03
2.9625000000e+01  -1.1138121812e-03
2.9675000000e+01  -2.0465960822e-03
2.9725000000e+01  -4.8623889754e-03
2.9775000000e+01  -7.2967391431e-03
2.9825000000e+01  -8.7787476772e-03
2.9875000000e+01  -8.6389371716e-03
2.9925000000e+01  -7.5848189209e-03
2.9975000000e+01  -6.8436646494e-03
3.0025000000e+01  -5.5542893551e-03
3.0075000000e+01  -5.0449228941e-03
3.0125000000e+01  -4.1874366754e-03
3.0175000000e+01  -3.6087556095e-03
3.0225000000e+01  -3.7394484087e-03
3.0275000000e+01  -3.8541363118e-03
3.0325000000e+01  -4.9364908465e-03
3.0375000000e+01  -5.7894618573e-03
3.0425000000e+01  -5.7841401663e-03
3.0475000000e+01  -4.1020131004e-03
3.0525000000e+01  -2.4863096916e-03
3.0575000000e+01  -2.1715259351e-03
3.0625000000e+01  -3.5440027360e-03
3.0675000000e+01  -6.2194829171e-03
3.0725000000e+01  -6.7983040188e-03
3.0775000000e+01  -6.2254030842e-03
3.0825000000e+01  -4.1392229472e-03
3.0875000000e+01  -4.0612101869e-03
3.0925000000e+01  -5.2537937681e-03
3.0975000000e+01  -7.0281743743e-03
3.1025000000e+01  -8.1102020355e-03
3.1075000000e+01  -7.7093982218e-03
3.1125000000e+01  -5.2330302920e-03
3.1175000000e+01  -4.8731549716e-03
3.1225000000e+01  -5.0141859255e-03
3.1275000000e+01  -6.1223763413e-03
3.1325000000e+01  -5.5850540195e-03
3.1375000000e+01  -2.2008672353e-03
3.1425000000e+01  2.3530745947e-03
3.1475000000e+01  4.1964376983e-03
3.1525000000e+01  4.7394216936e-03
3.1575000000e+01  2.9539895284e-03
3.1625000000e+01  1.3229349045e-03
3.1675000000e+01  1.4596632638e-03
3.1725000000e+01  2.3105203365e-03
3.1775000000e+01  2.9058937714e-03
3.1825000000e+01  3.1962906628e-03
3.1875000000e+01  2.9026421417e-03
3.1925000000e+01  3.0852407461e-03
3.1975000000e+01  3.5363733915e-03
3.2025000000e+01  4.5730909987e-03
3.2075000000e+01  4.5442786190e-03
3.2125000000e+01  3.2214254398e-03
3.2175000000e+01  2.9504340600e-03
3.2225000000e+01  3.7413772615e-03
3.2275000000e+01  5.4099645680e-03
3.2325000000e+01  9.4984867079e-03
3.2375000000e+01  1.2044630550e-02
3.2425000000e+01  1.3096614829e-02
3.2475000000e+01  1.2298670217e-02
3.2525000000e+01  9.8382274271e-03
3.2575000000e+01  6.3786448530e-03
3.2625000000e+01  3.2444293855e-03
3.2675000000e+01  1.7351537097e-03
3.2725000000e+01  1.3349782947e-03
3.2775000000e+01  2.6014377390e-03
3.2825000000e+01  4.6675413958e-03
3.2875000000e+01  6.2132654630e-03
3.2925000000e+01  5.8302682430e-03
3.2975000000e+01  5.2531978327e-03
3.3025000000e+01  5.9754665188e-03
3.3075000000e+01  9.1448168591e-03
3.3125000000e+01  1.2853800009e-02
3.3175000000e+01  1.4737677874e-02
3.3225000000e+01  1.3510237717e-02
3.3275000000e+01  8.9986709875e-03
3.3325000000e+01  4.6054960882e-03
3.3375000000e+01  1.9863200896e-03
3.3425000000e+01  6.7623579187e-04
3.3475000000e+01  7.7623354255e-04
3.3525000000e+01  2.3506829957e-03
3.3575000000e+01  2.8267904656e-03
3.3625000000e+01  3.3205878066e-03
3.3675000000e+01  2.6808058782e-03
3.3725000000e+01  6.0583972191e-04
3.3775000000e+01  -1.0017632775e-03
3.3825000000e+01  -4.1701509551e-03
3.3875000000e+01  -4.8447879068e-03
3.3925000000e+01  -4.9267175961e-03
3.3975000000e+01  -3.5948842227e-03
3.4025000000e+01  -9.0705843612e-04
3.4075000000e+01  1.0752061611e-03
3.4125000000e+01  2.3766666542e-03
3.4175000000e+01  1.4584500767e-03
3.4225000000e+01  -4.6191803004e-04
3.4275000000e+01  -1.2459018064e-03
3.4325000000e+01  -1.4321539393e-03
3.4375000000e+01  -1.1767241199e-03
3.4425000000e+01  -1.1941486032e-03
3.4475000000e+01  -3.0143667734e-03
3.4525000000e+01  -6.3166429625e-03
3.4575000000e+01  -9.0327948859e-03
3.4625000000e+01  -9.2140749121e-03
3.4675000000e+01  -9.1211488448e-03
3.4725000000e+01  -8.5455179237e-03
3.4775000000e+01  -7.9408520082e-03
3.4825000000e+01  -1.0305073202e-02
3.4875000000e+01  -1.1050766426e-02
3.4925000000e+01  -9.8021154037e-03
3.4975000000e+01  -7.8228017893e-03
3.5025000000e+01  -5.1051350151e-03
3.5075000000e+01  -4.2373022518e-03
3.5125000000e+01  -6.6669192342e-03
3.5175000000e+01  -8.2391651270e-03
3.5225000000e+01  -9.2224884838e-03
3.5275000000e+01  -1.0393724395e-02
3.5325000000e+01  -1.0359654080e-02
3.5375000000e+01  -9.1792768436e-03
3.5425000000e+01  -8.3054979172e-03
3.5475000000e+01  -7.2074244921e-03
3.5525000000e+01  -6.3301072159e-03
3.5575000000e+01  -7.1427243796e-03
3.5625000000e+01  -9.3054599275e-03
3.5675000000e+01  -1.1008583277e-02
3.5725000000e+01  -1.1774016834e-02
3.5775000000e+01  -1.1102602006e-02
3.5825000000e+01  -9.6327284841e-03
3.5875000000e+01  -8.6407092707e-03
3.5925000000e+01  -9.4182848985e-03
3.5975000000e+01  -1.1303109442e-02
3.6025000000e+01  -1.1310571618e-02
3.6075000000e+01  -1.0600002717e-02
3.6125000000e+01  -9.7603002055e-03
3.6175000000e+01  -7.7568412990e-03
3.6225000000e+01  -6.5601470762e-03
3.6275000000e+01  -5.7758652446e-03
3.6325000000e+01  -4.5442382245e-03
3.6375000000e+01  -3.4744908017e-03
3.6425000000e+01  -2.7793896882e-03
3.6475000000e+01  -1.1740483475e-03
3.6525000000e+01  -7.3280713764e-04
3.6575000000e+01  -9.0959251563e-04
3.6625000000e+01  -9.9035103847e-04
3.6675000000e+01  -2.1854126528e-03
3.6725000000e+01  -4.3047030527e-03
3.6775000000e+01  -5.7919591267e-03
3.6825000000e+01  -6.3666701224e-03
3.6875000000e+01  -6.4716822016e-03
3.6925000000e+01  -5.6608544908e-03
3.6975000000e+01  -2.4040501776e-03
3.7025000000e+01  -1.2063837610e-03
3.7075000000e+01  -7.7196313064e-04
3.7125000000e+01  -3.0566867586e-04
3.7175000000e+01  -1.1703471961e-03
3.7225000000e+01  -2.3232899302e-03
3.7275000000e+01  -2.0922841572e-03
3.7325000000e+01  -2.0142508459e-03
3.7375000000e+01  -2.7300016247e-03
3.7425000000e+01  -3.7084384554e-03
3.7475000000e+01  -4.7972888813e-03
3.7525000000e+01  -5.6065437848e-03
3.7575000000e+01  -5.1687100037e-03
3.7625000000e+01  -2.6805288153e-03
3.7675000000e+01  2.3127723316e-04
3.7725000000e+01  3.6221936991e-03
3.7775000000e+01  6.4938609981e-03
3.7825000000e+01  8.6544839152e-03
3.7875000000e+01  9.5448878616e-03
3.7925000000e+01  9.2010453914e-03
3.7975000000e+01  8.2744798172e-03
3.8025000000e+01  7.0518977123e-03
3.8075000000e+01  7.3136006229e-03
3.8125000000e+01  7.8582933281e-03
3.8175000000e+01  8.7585351785e-03
3.8225000000e+01  8.0034409761e-03
3.8275000000e+01  6.4257504201e-03
3.8325000000e+01  4.4165009044e-03
3.8375000000e+01  2.8564531293e-03
3.8425000000e+01  1.5536234851e-03
3.8475000000e+01  1.6314501540e-03
3.8525000000e+01  1.9675310763e-03
3.8575000000e+01  1.3856043025e-03
3.8625000000e+01  4.2374678736e-04
3.8675000000e+01  1.0029347596e-04
3.8725000000e+01  -5.2770716118e-04
3.8775000000e+01  -6.4285582442e-04
3.8825000000e+01  -1.0641196312e-03
3.8875000000e+01  -1.6581085923e-03
3.8925000000e+01  -1.2214450275e-03
3.8975000000e+01  -2.2188845921e-03
3.9025000000e+01  -2.9573749109e-03
3.9075000000e+01  -3.3193491254e-03
3.9125000000e+01  -4.7490074888e-03
3.9175000000e+01  -5.1268736007e-03
3.9225000000e+01  -4.6525033081e-03
3.9275000000e+01  -2.3445688977e-03
3.9325000000e+01  -3.2635831534e-04
3.9375000000e+01  1.7811735029e-03
3.9425000000e+01  3.9850563972e-03
3.9475000000e+01  5.1289956249e-03
3.9525000000e+01  5.5282600422e-03
3.9575000000e+01  6.1974696620e-03
3.9625000000e+01  6.1303126212e-03
3.9675000000e+01  7.5086776440e-03
3.9725000000e+01  8.3085871182e-03
3.9775000000e+01  9.9851998806e-03
3.9825000000e+01  1.2157092098e-02
3.9875000000e+01  1.2963298551e-02
3.9925000000e+01  1.3505620373e-02
3.9975000000e+01  1.2645490148e-02
4.0025000000e+01  1.1157376340e-02
4.0075000000e+01  8.5161128244e-03
4.0125000000e+01  8.7221647749e-03
4.0175000000e+01  7.7605214049e-03
4.0225000000e+01  5.6014197098e-03
4.0275000000e+01  3.8341949445e-03
4.0325000000e+01  2.5843295811e-03
4.0375000000e+01  -1.0153335464e-03
4.0425000000e+01  -2.5187417287e-03
4.0475000000e+01  -2.8015168682e-03
4.0525000000e+01  -2.3149306536e-03
4.0575000000e+01  -2.7951399718e-03
4.0625000000e+01  -5.3827415760e-04
4.0675000000e+01  1.9498708671e-03
4.0725000000e+01  4.2106358079e-03
4.0775000000e+01  7.2225083972e-03
4.0825000000e+01  9.2261349163e-03
4.0875000000e+01  9.1609798315e-03
4.0925000000e+01  9.2015750753e-03
4.0975000000e+01  7.4725534447e-03
4.1025000000e+01  5.2442812668e-03
4.1075000000e+01  3.9866571075e-03
4.1125000000e+01  3.9529686642e-03
4.1175000000e+01  3.4901819716e-03
4.1225000000e+01  1.4943653485e-03
4.1275000000e+01  7.3502876740e-04
4.1325000000e+01  -1.8102716703e-03
4.1375000000e+01  -3.1596300915e-03
4.1425000000e+01  -5.6254013616e-03
4.1475000000e+01  -7.1137361135e-03
4.1525000000e+01  -7.9993638673e-03
4.1575000000e+01  -7.1428603063e-03
4.1625000000e+01  -6.9823494076e-03
4.1675000000e+01  -5.7386663434e-03
4.1725000000e+01  -4.3188444402e-03
4.1775000000e+01  -3.5695076294e-03
4.1825000000e+01  -3.4882566716e-03
4.1875000000e+01  -3.7647891934e-03
4.1925000000e+01  -4.0312639453e-03
4.1975000000e+01  -4.5183972040e-03
4.2025000000e+01  -4.9164049018e-03
4.2075000000e+01  -4.8631466276e-03
4.2125000000e+01  -5.7769226629e-03
4.2175000000e+01  -8.8779252106e-03
4.2225000000e+01  -1.1654252998e-02
4.2275000000e+01  -1.3406690702e-02
4.2325000000e+01  -1.4977302979e-02
4.2375000000e+01  -1.6049661578e-02
4.2425000000e+01  -1.5586286832e-02
4.2475000000e+01  -1.4066275341e-02
4.2525000000e+01  -1.3954966060e-02
4.2575000000e+01  -1.4549677373e-02
4.2625000000e+01  -1.3365564242e-02
4.2675000000e+01  -1.1248865167e-02
4.2725000000e+01  -1.1760831488e-02
4.2775000000e+01  -9.4645500110e-03
4.2825000000e+01  -5.9335825925e-03
4.2875000000e+01  -3.3952654797e-03
4.2925000000e+01  -2.3143584023e-03
4.2975000000e+01  -3.2304046164e-03
4.3025000000e+01  -4.7428579111e-03
4.3075000000e+01  -7.8672928297e-03
4.3125000000e+01  -1.0816965868e-02
4.3175000000e+01  -1.4866297318e-02
4.3225000000e+01  -1.6939458638e-02
4.3275000000e+01  -1.7718703348e-02
4.3325000000e+01  -1.7863130552e-02
4.3375000000e+01  -1.6763979090e-02
4.3425000000e+01  -1.5332014550e-02
4.3475000000e+01  -1.2409110440e-02
4.3525000000e+01  -1.0353385834e-02
4.3575000000e+01  -8.0147711282e-03
4.3625000000e+01  -6.5071515529e-03
4.3675000000e+01  -6.0121562301e-03
4.3725000000e+01  -5.7278765403e-03
4.3775000000e+01  -5.6429530587e-03
4.3825000000e+01  -5.9378526034e-03
4.3875000000e+01  -8.0198635262e-03
4.3925000000e+01  -8.5125931279e-03
4.3975000000e+01  -8.2366644576e-03
4.4025000000e+01  -5.7724862428e-03
4.4075000000e+01  -3.0265288303e-03
4.4125000000e+01  -1.2046382104e-03
4.4175000000e+01  2.1970448370e-03
4.4225000000e+01  5.2857670127e-03
4.4275000000e+01  5.0730716429e-03
4.4325000000e+01  4.0028869402e-03
4.4375000000e+01  2.8647178314e-03
4.4425000000e+01  1.1152903769e-03
4.4475000000e+01  -9.3161150006e-04
4.4525000000e+01  8.6960671866e-04
4.4575000000e+01  2.2612553329e-04
4.4625000000e+01  -3.0816783038e-03
4.4675000000e+01  -4.6940950865e-03
4.4725000000e+01  -5.2318907836e-03
4.4775000000e+01  -5.0811368418e-03
4.4825000000e+01  -3.7883519723e-03
4.4875000000e+01  -2.7977959735e-03
4.4925000000e+01  5.3230424863e-04
4.4975000000e+01  2.5147288533e-03
4.5025000000e+01  3.7889939536e-03
4.5075000000e+01  1.9125608131e-03
4.5125000000e+01  -1.2918167783e-03
4.5175000000e+01  -3.0207504123e-03
4.5225000000e+01  -2.5119979707e-03
4.5275000000e+01  -1.5125645595e-04
4.5325000000e+01  5.9594688748e-04
4.5375000000e+01  4.6058246537e-03
4.5425000000e+01  7.4906189186e-03
4.5475000000e+01  1.0888075293e-02
4.5525000000e+01  1.1161964272e-02
4.5575000000e+01  8.9628865282e-03
4.5625000000e+01  6.3283518278e-03
4.5675000000e+01  5.7580083383e-03
4.5725000000e+01  5.9530800527e-03
4.5775000000e+01  7.9443131849e-03
4.5825000000e+01  5.9924196938e-03
4.5875000000e+01  7.0836758398e-03
4.5925000000e+01  1.0221370554e-02
4.5975000000e+01  1.3484096352e-02
4.6025000000e+01  1.5915859171e-02
4.6075000000e+01  1.5940373730e-02
4.6125000000e+01  1.4876272677e-02
4.6175000000e+01  1.1854780785e-02
4.6225000000e+01  7.3754367451e-03
4.6275000000e+01  3.4391680238e-03
4.6325000000e+01  4.5556702306e-04
4.6375000000e+01  -6.0572201025e-04
4.6425000000e+01  -2.2167152474e-04
4.6475000000e+01  2.0703181226e-03
4.6525000000e+01  5.8865747041e-03
4.6575000000e+01  9.0333949066e-03
4.6625000000e+01  1.0863095630e-02
4.6675000000e+01  1.1791960369e-02
4.6725000000e+01  1.2513696433e-02
4.6775000000e+01  1.2481549361e-02
4.6825000000e+01  1.1505617877e-02
4.6875000000e+01  9.3350827974e-03
4.6925000000e+01  7.2708216580e-03
4.6975000000e+01  1.3638150164e-03
4.7025000000e+01  3.1485493180e-03
4.7075000000e+01  1.8214948955e-03
4.7125000000e+01  1.0255318744e-03
4.7175000000e+01  1.3679684526e-03
4.7225000000e+01  1.8865068768e-03
4.7275000000e+01  2.0114342962e-03
4.7325000000e+01  1.7160867210e-03
4.7375000000e+01  1.8020849869e-03
4.7425000000e+01  3.0849262049e-03
4.7475000000e+01  5.2396547383e-03
4.7525000000e+01  5.7943402086e-03
4.7575000000e+01  8.3105573590e-03
4.7625000000e+01  8.2417359635e-03
4.7675000000e+01  8.7238942453e-03
4.7725000000e+01  7.4633352305e-03
4.7775000000e+01  5.5307407572e-03
4.7825000000e+01  3.6778352719e-03
4.7875000000e+01  3.5760479071e-03
4.7925000000e+01  3.4899229542e-03
4.7975000000e+01  2.6380577218e-03
4.8025000000e+01  3.0120259887e-03
4.8075000000e+01  1.8790184337e-03
4.8125000000e+01  2.7321121037e-03
4.8175000000e+01  1.4296670046e-03
4.8225000000e+01  1.1744440365e-03
4.8275000000e+01  5.1542386689e-04
4.8325000000e+01  -7.2421104822e-04
4.8375000000e+01  -2.0652025119e-03
4.8425000000e+01  -3.3762267282e-03
4.8475000000e+01  -4.9699303277e-03
4.8525000000e+01  -5.6704136603e-03
4.8575000000e+01  -7.6396495005e-03
4.8625000000e+01  -8.3645605633e-03
4.8675000000e+01  -9.5867216155e-03
4.8725000000e+01  -1.0730024134e-02
4.8775000000e+01  -1.2167288250e-02
4.8825000000e+01  -1.4142665428e-02
4.8875000000e+01  -1.6004276739e-02
4.8925000000e+01  -1.7399229472e-02
4.8975000000e+01  -1.8700489159e-02
4.9025000000e+01  -1.9347762924e-02
4.9075000000e+01  -1.8308882356e-02
4.9125000000e+01  -1.4863684407e-02
4.9175000000e+01  -1.2474372715e-02
4.9225000000e+01  -8.0049717982e-03
4.9275000000e+01  -5.6525999588e-03
4.9325000000e+01  -3.9957470920e-03
4.9375000000e+01  -3.5350717046e-03
4.9425000000e+01  -5.0183178542e-03
4.9475000000e+01  -6.5751787498e-03
4.9525000000e+01  -9.4599773173e-03
4.9575000000e+01  -1.3229819867e-02
4.9625000000e+01  -1.7427394836e-02
4.9675000000e+01  -2.0066610867e-02
4.9725000000e+01  -1.8890895054e-02
4.9775000000e+01  -1.9614268230e-02
4.9825000000e+01  -1.9911079393e-02
4.9875000000e+01  -1.9021209762e-02
4.9925000000e+01  -1.6709880672e-02
4.9975000000e+01  -1.2093288737e-03
