1.7500000000e-01  -2.5014688779e+00
2.2500000000e-01  -2.6565825798e+00
2.7500000000e-01  -2.5780014749e+00
3.2500000000e-01  -2.6105165970e+00
3.7500000000e-01  -2.6985099490e+00
4.2500000000e-01  -2.6964826842e+00
4.7500000000e-01  -2.7364285756e+00
5.2500000000e-01  -2.7490945505e+00
5.7500000000e-01  -2.7091550552e+00
6.2500000000e-01  -2.6768827407e+00
6.7500000000e-01  -2.6490443374e+00
7.2500000000e-01  -2.6052221003e+00
7.7500000000e-01  -2.5658154085e+00
8.2500000000e-01  -2.4959852165e+00
8.7500000000e-01  -2.4284026730e+00
9.2500000000e-01  -2.3897601464e+00
9.7500000000e-01  -2.3476107290e+00
1.0250000000e+00  -2.2859958363e+00
1.0750000000e+00  -2.2163102388e+00
1.1250000000e+00  -2.1287928185e+00
1.1750000000e+00  -2.0392708228e+00
1.2250000000e+00  -1.9397605425e+00
1.2750000000e+00  -1.8519022074e+00
1.3250000000e+00  -1.7612773698e+00
1.3750000000e+00  -1.6276257146e+00
1.4250000000e+00  -1.5108959649e+00
1.4750000000e+00  -1.3800427191e+00
1.5250000000e+00  -1.2475307584e+00
1.5750000000e+00  -1.0655639047e+00
1.6250000000e+00  -8.7582792532e-01
1.6750000000e+00  -6.8427304752e-01
1.7250000000e+00  -4.7418062129e-01
1.7750000000e+00  -2.7391771547e-01
1.8250000000e+00  -9.7361732524e-02
1.8750000000e+00  4.3566266327e-02
1.9250000000e+00  1.5673725440e-01
1.9750000000e+00  2.3826650590e-01
2.0250000000e+00  2.7191298756e-01
2.0750000000e+00  2.8331146684e-01
2.1250000000e+00  2.6876768881e-01
2.1750000000e+00  2.3817255346e-01
2.2250000000e+00  2.1614898456e-01
2.2750000000e+00  1.8757916837e-01
2.3250000000e+00  1.4921964514e-01
2.3750000000e+00  1.1563947677e-01
2.4250000000e+00  7.2117185854e-02
2.4750000000e+00  2.8907731007e-02
2.5250000000e+00  -2.3911419424e-02
2.5750000000e+00  -8.8765480786e-02
2.6250000000e+00  -1.5166546996e-01
2.6750000000e+00  -2.3289062539e-01
2.7250000000e+00  -3.1386664652e-01
2.7750000000e+00  -4.1104343603e-01
2.8250000000e+00  -4.8829570634e-01
2.8750000000e+00  -5.7165504310e-01
2.9250000000e+00  -6.5559471711e-01
2.9750000000e+00  -7.0862516302e-01
3.0250000000e+00  -7.3469479321e-01
3.0750000000e+00  -7.4541266110e-01
3.1250000000e+00  -7.1610734274e-01
3.1750000000e+00  -6.8494878620e-01
3.2250000000e+00  -6.2874027960e-01
3.2750000000e+00  -5.7414090361e-01
3.3250000000e+00  -4.9397725963e-01
3.3750000000e+00  -4.2719619407e-01
3.4250000000e+00  -3.6354677186e-01
3.4750000000e+00  -2.9015063238e-01
3.5250000000e+00  -2.1386170331e-01
3.5750000000e+00  -1.4329216623e-01
3.6250000000e+00  -7.4035229287e-02
3.6750000000e+00  1.1561556202e-02
3.7250000000e+00  7.5021205274e-02
3.7750000000e+00  1.3027134755e-01
3.8250000000e+00  1.7560940664e-01
3.8750000000e+00  2.0808118473e-01
3.9250000000e+00  2.4453929260e-01
3.9750000000e+00  2.6290555382e-01
4.0250000000e+00  2.8834942521e-01
4.0750000000e+00  3.1186689598e-01
4.1250000000e+00  3.1768030773e-01
4.1750000000e+00  3.2185095876e-01
4.2250000000e+00  3.2155179055e-01
4.2750000000e+00  3.0886777336e-01
4.3250000000e+00  2.9934698867e-01
4.3750000000e+00  2.7293296833e-01
4.4250000000e+00  2.4948625198e-01
4.4750000000e+00  2.2286639001e-01
4.5250000000e+00  2.0503499288e-01
4.5750000000e+00  1.7473761126e-01
4.6250000000e+00  1.4079842740e-01
4.6750000000e+00  1.0016712100e-01
4.7250000000e+00  6.0993292355e-02
4.7750000000e+00  2.3032937613e-02
4.8250000000e+00  -3.3481840220e-03
4.8750000000e+00  -2.4474036069e-02
4.9250000000e+00  -4.8263866590e-02
4.9750000000e+00  -8.0133767179e-02
5.0250000000e+00  -9.4476555669e-02
5.0750000000e+00  -1.0722096851e-01
5.1250000000e+00  -1.2772001322e-01
5.1750000000e+00  -1.3297391891e-01
5.2250000000e+00  -1.2782506581e-01
5.2750000000e+00  -1.2415865402e-01
5.3250000000e+00  -1.1198522993e-01
5.3750000000e+00  -1.0172034527e-01
5.4250000000e+00  -8.4409959682e-02
5.4750000000e+00  -6.5901765474e-02
5.5250000000e+00  -4.5343343212e-02
5.5750000000e+00  -1.5177804278e-02
5.6250000000e+00  2.8884681447e-03
5.6750000000e+00  2.2026937892e-02
5.7250000000e+00  4.3516823669e-02
5.7750000000e+00  6.1897494353e-02
5.8250000000e+00  8.5198090511e-02
5.8750000000e+00  1.0919205543e-01
5.9250000000e+00  1.1238187383e-01
5.9750000000e+00  1.2481315865e-01
6.0250000000e+00  1.3509658701e-01
6.0750000000e+00  1.5179954981e-01
6.1250000000e+00  1.6455752417e-01
6.1750000000e+00  1.7506381346e-01
6.2250000000e+00  1.8287520049e-01
6.2750000000e+00  1.8410114929e-01
6.3250000000e+00  1.9446975827e-01
6.3750000000e+00  1.8853606706e-01
6.4250000000e+00  1.8957479270e-01
6.4750000000e+00  1.7845244802e-01
6.5250000000e+00  1.7059728519e-01
6.5750000000e+00  1.6828175322e-01
6.6250000000e+00  1.6703807544e-01
6.6750000000e+00  1.5366728233e-01
6.7250000000e+00  1.4647674618e-01
6.7750000000e+00  1.4791259877e-01
6.8250000000e+00  1.4836536917e-01
6.8750000000e+00  1.3689756074e-01
6.9250000000e+00  1.3092404866e-01
6.9750000000e+00  1.1834632809e-01
7.0250000000e+00  1.1914369961e-01
7.0750000000e+00  1.1471342937e-01
7.1250000000e+00  1.0864648545e-01
7.1750000000e+00  1.0371657127e-01
7.2250000000e+00  9.6163350935e-02
7.2750000000e+00  9.4329426785e-02
7.3250000000e+00  8.7969084936e-02
7.3750000000e+00  9.0596985014e-02
7.4250000000e+00  8.1071739246e-02
7.4750000000e+00  8.0810039926e-02
7.5250000000e+00  8.6271224987e-02
7.5750000000e+00  7.9539340895e-02
7.6250000000e+00  7.4067245394e-02
7.6750000000e+00  8.4176381761e-02
7.7250000000e+00  7.6694616873e-02
7.7750000000e+00  6.3219957679e-02
7.8250000000e+00  6.5296806795e-02
7.8750000000e+00  6.6983252569e-02
7.9250000000e+00  6.1098200931e-02
7.9750000000e+00  5.4592058271e-02
8.0250010000e+00  4.0623197451e-02
8.0750000000e+00  3.7382185337e-02
8.1250000000e+00  3.1696622610e-02
8.1750000000e+00  1.6243893807e-02
8.2250000000e+00  1.0764889139e-02
8.2750010000e+00  -1.9400364485e-03
8.3250000000e+00  -7.6400176561e-03
8.3750000000e+00  -1.4154049418e-02
8.4250000000e+00  -3.1220648324e-02
8.4750000000e+00  -4.2401423777e-02
8.5250010000e+00  -4.9666718370e-02
8.5750000000e+00  -5.6436393728e-02
8.6250000000e+00  -7.0654516233e-02
8.6750000000e+00  -7.7781483723e-02
8.7250000000e+00  -8.6713374772e-02
8.7750010000e+00  -8.7169708390e-02
8.8250000000e+00  -9.4865605468e-02
8.8750000000e+00  -1.0248809553e-01
8.9250000000e+00  -1.0255719114e-01
8.9750000000e+00  -1.1365180924e-01
9.0250010000e+00  -1.1874616814e-01
9.0750000000e+00  -1.1962171912e-01
9.1250000000e+00  -1.1638511452e-01
9.1750000000e+00  -1.2251935615e-01
9.2250000000e+00  -1.2783378941e-01
9.2750010000e+00  -1.3218707691e-01
9.3250000000e+00  -1.3545401269e-01
9.3750000000e+00  -1.3144093802e-01
9.4250000000e+00  -1.3500595197e-01
9.4750000000e+00  -1.3506829047e-01
9.5250010000e+00  -1.2881677295e-01
9.5750000000e+00  -1.2859355606e-01
9.6250000000e+00  -1.3708288649e-01
9.6750000000e+00  -1.4455498739e-01
9.7250000000e+00  -1.3816902345e-01
9.7750010000e+00  -1.3566583722e-01
9.8250000000e+00  -1.2741682305e-01
9.8750000000e+00  -1.2866354016e-01
9.9250000000e+00  -1.2508513037e-01
9.9750000000e+00  -1.1893376859e-01
1.0025000000e+01  -1.1255770344e-01
1.0075000000e+01  -1.0371612576e-01
1.0125000000e+01  -9.8923753225e-02
1.0175000000e+01  -1.0640439564e-01
1.0225000000e+01  -1.0196839750e-01
1.0275000000e+01  -9.3961433258e-02
1.0325000000e+01  -9.2567800001e-02
1.0375000000e+01  -9.1689404357e-02
1.0425000000e+01  -8.3201442622e-02
1.0475000000e+01  -8.0855177747e-02
1.0525000000e+01  -8.2469623388e-02
1.0575000000e+01  -7.0362250212e-02
1.0625000000e+01  -6.4187907008e-02
1.0675000000e+01  -6.5591242797e-02
1.0725000000e+01  -5.1738440006e-02
1.0775000000e+01  -4.5658382171e-02
1.0825000000e+01  -4.4378486617e-02
1.0875000000e+01  -3.5388055872e-02
1.0925000000e+01  -3.8057317454e-02
1.0975000000e+01  -3.7706015987e-02
1.1025000000e+01  -3.7604444836e-02
1.1075000000e+01  -3.4951273792e-02
1.1125000000e+01  -2.6810388447e-02
1.1175000000e+01  -2.2396344242e-02
1.1225000000e+01  -2.6377869252e-02
1.1275000000e+01  -1.6488970243e-02
1.1325000000e+01  -8.4196975808e-03
1.1375000000e+01  -7.9783477463e-03
1.1425000000e+01  1.5580961167e-03
1.1475000000e+01  3.6112969425e-03
1.1525000000e+01  2.2091143655e-04
1.1575000000e+01  1.7301441034e-02
1.1625000000e+01  1.7012453976e-02
1.1675000000e+01  9.7707730640e-03
1.1725000000e+01  1.4018458913e-02
1.1775000000e+01  2.7709967424e-02
1.1825000000e+01  2.7444425809e-02
1.1875000000e+01  2.7149600764e-02
1.1925000000e+01  3.6893180859e-02
1.1975000000e+01  5.0389710006e-02
1.2025000000e+01  5.8835498362e-02
1.2075000000e+01  5.4124637967e-02
1.2125000000e+01  5.5433767458e-02
1.2175000000e+01  5.3924292133e-02
1.2225000000e+01  4.9988121817e-02
1.2275000000e+01  5.3146455412e-02
1.2325000000e+01  5.6752258805e-02
1.2375000000e+01  6.0760277935e-02
1.2425000000e+01  6.5845197214e-02
1.2475000000e+01  6.4165896881e-02
1.2525000000e+01  7.1704843232e-02
1.2575000000e+01  7.8304307385e-02
1.2625000000e+01  7.8862461744e-02
1.2675000000e+01  7.9923074461e-02
1.2725000000e+01  7.4579037317e-02
1.2775000000e+01  6.4287448209e-02
1.2825000000e+01  7.3870350172e-02
1.2875000000e+01  8.4412540735e-02
1.2925000000e+01  8.1327419574e-02
1.2975000000e+01  8.1182186994e-02
1.3025000000e+01  8.3597182972e-02
1.3075000000e+01  8.2621901471e-02
1.3125000000e+01  8.0743756333e-02
1.3175000000e+01  8.0434796283e-02
1.3225000000e+01  8.6745026026e-02
1.3275000000e+01  9.1134196926e-02
1.3325000000e+01  8.3038829793e-02
1.3375000000e+01  7.3057691414e-02
1.3425000000e+01  7.3087086957e-02
1.3475000000e+01  7.8471666853e-02
1.3525000000e+01  7.4335595435e-02
1.3575000000e+01  6.9024436866e-02
1.3625000000e+01  7.1833012588e-02
1.3675000000e+01  8.1917061424e-02
1.3725000000e+01  8.1462805809e-02
1.3775000000e+01  8.0354120608e-02
1.3825000000e+01  8.4491507880e-02
1.3875000000e+01  8.0073693375e-02
1.3925000000e+01  7.2165620003e-02
1.3975000000e+01  6.5935623769e-02
1.4025000000e+01  5.9877351817e-02
1.4075000000e+01  5.6033539037e-02
1.4125000000e+01  5.7380237171e-02
1.4175000000e+01  5.4522585462e-02
1.4225000000e+01  5.0499483184e-02
1.4275000000e+01  5.4971156226e-02
1.4325000000e+01  5.2361133481e-02
1.4375000000e+01  4.2837641161e-02
1.4425000000e+01  3.8098345289e-02
1.4475000000e+01  3.6060703181e-02
1.4525000000e+01  3.1648653879e-02
1.4575000000e+01  2.4100678096e-02
1.4625000000e+01  1.9275463814e-02
1.4675000000e+01  2.0957897592e-02
1.4725000000e+01  2.0119910877e-02
1.4775000000e+01  1.4915721531e-02
1.4825000000e+01  8.4316005292e-03
1.4875000000e+01  1.0130668185e-03
1.4925000000e+01  -7.6719953560e-03
1.4975000000e+01  -1.4848266914e-02
1.5025000000e+01  -1.8285756958e-02
1.5075000000e+01  -1.6609960722e-02
1.5125000000e+01  -1.2739350395e-02
1.5175000000e+01  -1.7643315611e-02
1.5225000000e+01  -3.4243792451e-02
1.5275000000e+01  -4.2974656714e-02
1.5325000000e+01  -3.7401666037e-02
1.5375000000e+01  -3.3908228979e-02
1.5425000000e+01  -3.7164235478e-02
1.5475000000e+01  -4.1102898478e-02
1.5525000000e+01  -4.5209917155e-02
1.5575000000e+01  -4.9031433087e-02
1.5625000000e+01  -5.0005546950e-02
1.5675000000e+01  -4.6320938826e-02
1.5725000000e+01  -4.2092764892e-02
1.5775000000e+01  -4.4389690005e-02
1.5825000000e+01  -4.7178890515e-02
1.5875000000e+01  -5.1132801750e-02
1.5925000000e+01  -5.5833934087e-02
1.5975000000e+01  -5.7088943855e-02
1.6025000000e+01  -5.9072052723e-02
1.6075000000e+01  -6.4097575631e-02
1.6125000000e+01  -6.7677229039e-02
1.6175000000e+01  -6.4951579395e-02
1.6225000000e+01  -5.6191030444e-02
1.6275000000e+01  -5.1291621325e-02
1.6325000000e+01  -5.4780545651e-02
1.6375000000e+01  -6.1036098330e-02
1.6425000000e+01  -6.3377455249e-02
1.6475000000e+01  -6.2868167061e-02
1.6525000000e+01  -6.1216751049e-02
1.6575000000e+01  -5.6774353356e-02
1.6625000000e+01  -5.2232889538e-02
1.6675000000e+01  -4.9190318851e-02
1.6725000000e+01  -5.0970012338e-02
1.6775000000e+01  -5.4834595438e-02
1.6825000000e+01  -5.6032804179e-02
1.6875000000e+01  -5.7949081611e-02
1.6925000000e+01  -5.6136586073e-02
1.6975000000e+01  -4.8469100338e-02
1.7025000000e+01  -4.4931877939e-02
1.7075000000e+01  -4.7750475147e-02
1.7125000000e+01  -4.6808453451e-02
1.7175000000e+01  -4.6017440697e-02
1.7225000000e+01  -5.0792271507e-02
1.7275000000e+01  -5.2429318557e-02
1.7325000000e+01  -4.8760096280e-02
1.7375000000e+01  -4.3595698726e-02
1.7425000000e+01  -4.1422378372e-02
1.7475000000e+01  -4.5192586887e-02
1.7525000000e+01  -4.6561423622e-02
1.7575000000e+01  -3.8262075457e-02
1.7625000000e+01  -2.5794872615e-02
1.7675000000e+01  -1.8311323782e-02
1.7725000000e+01  -1.5005673170e-02
1.7775000000e+01  -1.7152790407e-02
1.7825000000e+01  -2.2967509252e-02
1.7875000000e+01  -2.4429456074e-02
1.7925000000e+01  -2.4452239698e-02
1.7975000000e+01  -2.1815356099e-02
1.8025000000e+01  -1.4388318274e-02
1.8075000000e+01  -1.0986045587e-02
1.8125000000e+01  -1.5910315530e-02
1.8175000000e+01  -1.9498728287e-02
1.8225000000e+01  -1.4556879496e-02
1.8275000000e+01  -6.8185957370e-03
1.8325000000e+01  -4.7883467609e-03
1.8375000000e+01  -8.8100311662e-03
1.8425000000e+01  -1.2121264591e-02
1.8475000000e+01  -1.1567711602e-02
1.8525000000e+01  -8.1556940391e-03
1.8575000000e+01  -2.5896314401e-03
1.8625000000e+01  2.5640685574e-03
1.8675000000e+01  6.6085637547e-03
1.8725000000e+01  1.3149690177e-02
1.8775000000e+01  2.0385345907e-02
1.8825000000e+01  2.3750713446e-02
1.8875000000e+01  2.2574550409e-02
1.8925000000e+01  2.0779295245e-02
1.8975000000e+01  2.1263881722e-02
1.9025000000e+01  2.4404488605e-02
1.9075000000e+01  2.8320590405e-02
1.9125000000e+01  3.3698814249e-02
1.9175000000e+01  4.0578615401e-02
1.9225000000e+01  4.5377055140e-02
1.9275000000e+01  4.3768956935e-02
1.9325000000e+01  4.2124461023e-02
1.9375000000e+01  4.3149183532e-02
1.9425000000e+01  4.3953755583e-02
1.9475000000e+01  4.1293803728e-02
1.9525000000e+01  3.9686410327e-02
1.9575000000e+01  4.2498487420e-02
1.9625000000e+01  4.6179156489e-02
1.9675000000e+01  4.6496021190e-02
1.9725000000e+01  5.2675352995e-02
1.9775000000e+01  6.0963590682e-02
1.9825000000e+01  6.3834816204e-02
1.9875000000e+01  6.0635891356e-02
1.9925000000e+01  5.4751832553e-02
1.9975000000e+01  4.8766968513e-02
2.0025000000e+01  4.5538798277e-02
2.0075000000e+01  4.9117337980e-02
2.0125000000e+01  4.9411120305e-02
2.0175000000e+01  4.5310675619e-02
2.0225000000e+01  4.1099131404e-02
2.0275000000e+01  4.1246286570e-02
2.0325000000e+01  4.0968183191e-02
2.0375000000e+01  4.1768036132e-02
2.0425000000e+01  4.1288524853e-02
2.0475000000e+01  3.6491978927e-02
2.0525000000e+01  3.2216150903e-02
2.0575000000e+01  3.6182056092e-02
2.0625000000e+01  4.4472466611e-02
2.0675000000e+01  4.4991303545e-02
2.0725000000e+01  4.0422428673e-02
2.0775000000e+01  3.2762853616e-02
2.0825000000e+01  2.4685132562e-02
2.0875000000e+01  1.9136397499e-02
2.0925000000e+01  1.5688346454e-02
2.0975000000e+01  1.2532791782e-02
2.1025000000e+01  1.1004803909e-02
2.1075000000e+01  1.0365604151e-02
2.1125000000e+01  1.2410781428e-02
2.1175000000e+01  1.6324315775e-02
2.1225000000e+01  1.5262549885e-02
2.1275000000e+01  1.2424653299e-02
2.1325000000e+01  8.7041415271e-03
2.1375000000e+01  4.8738765298e-03
2.1425000000e+01  -1.4297879356e-03
2.1475000000e+01  -3.8510661671e-03
2.1525000000e+01  4.9632180398e-04
2.1575000000e+01  7.9694333634e-03
2.1625000000e+01  1.1491463080e-02
2.1675000000e+01  9.1821854178e-03
2.1725000000e+01  2.4927524814e-03
2.1775000000e+01  -2.0920674595e-03
2.1825000000e+01  -5.8190687932e-03
2.1875000000e+01  -5.8094624829e-03
2.1925000000e+01  -5.9101978067e-03
2.1975000000e+01  -5.9589705933e-03
2.2025000000e+01  -9.9709453192e-03
2.2075000000e+01  -1.3823862938e-02
2.2125000000e+01  -1.4513132575e-02
2.2175000000e+01  -1.5270263003e-02
2.2225000000e+01  -1.7612858924e-02
2.2275000000e+01  -2.0713720116e-02
2.2325000000e+01  -2.2525724540e-02
2.2375000000e+01  -2.3977078135e-02
2.2425000000e+01  -2.3194758219e-02
2.2475000000e+01  -2.4307689226e-02
2.2525000000e+01  -2.2842353919e-02
2.2575000000e+01  -2.0860761268e-02
2.2625000000e+01  -1.7131783995e-02
2.2675000000e+01  -1.6779065316e-02
2.2725000000e+01  -1.8466995524e-02
2.2775000000e+01  -1.7770210544e-02
2.2825000000e+01  -1.7099539294e-02
2.2875000000e+01  -1.9702495390e-02
2.2925000000e+01  -2.6270954110e-02
2.2975000000e+01  -2.9250173536e-02
2.3025000000e+01  -3.2562387728e-02
2.3075000000e+01  -3.5001862001e-02
2.3125000000e+01  -3.7730001997e-02
2.3175000000e+01  -3.4498224990e-02
2.3225000000e+01  -2.8962382390e-02
2.3275000000e+01  -2.6116648700e-02
2.3325000000e+01  -2.5744149966e-02
2.3375000000e+01  -2.4525154546e-02
2.3425000000e+01  -2.1448970212e-02
2.3475000000e+01  -2.1175961690e-02
2.3525000000e+01  -2.3242856699e-02
2.3575000000e+01  -2.3428253715e-02
2.3625000000e+01  -2.0227645297e-02
2.3675000000e+01  -1.5013853092e-02
2.3725000000e+01  -1.4256590850e-02
2.3775000000e+01  -1.4647996209e-02
2.3825000000e+01  -1.6170976471e-02
2.3875000000e+01  -1.5010355501e-02
2.3925000000e+01  -1.7930981057e-02
2.3975000000e+01  -2.1421751455e-02
2.4025000000e+01  -2.4398016295e-02
2.4075000000e+01  -2.2802573047e-02
2.4125000000e+01  -1.6920366392e-02
2.4175000000e+01  -1.2766495283e-02
2.4225000000e+01  -1.4320164953e-02
2.4275000000e+01  -2.0272105882e-02
2.4325000000e+01  -2.3066751082e-02
2.4375000000e+01  -1.9946251692e-02
2.4425000000e+01  -1.8142180442e-02
2.4475000000e+01  -1.8800870631e-02
2.4525000000e+01  -2.2987358741e-02
2.4575000000e+01  -2.4435460023e-02
2.4625000000e+01  -2.2041637603e-02
2.4675000000e+01  -1.7326147282e-02
2.4725000000e+01  -1.3531173188e-02
2.4775000000e+01  -1.4004200324e-02
2.4825000000e+01  -1.6452779821e-02
2.4875000000e+01  -1.7308336432e-02
2.4925000000e+01  -1.1980122861e-02
2.4975000000e+01  -4.5131677096e-03
2.5025000000e+01  1.0712649227e-03
2.5075000000e+01  1.3349789520e-03
2.5125000000e+01  -8.0354343398e-04
2.5175000000e+01  -2.9232769007e-03
2.5225000000e+01  -1.7562961231e-03
2.5275000000e+01  2.3600707886e-04
2.5325000000e+01  2.4714671375e-03
2.5375000000e+01  4.3906361643e-03
2.5425000000e+01  6.3834545500e-03
2.5475000000e+01  8.0583361767e-03
2.5525000000e+01  6.4492385740e-03
2.5575000000e+01  4.1266270187e-03
2.5625000000e+01  3.4699227295e-03
2.5675000000e+01  5.0874918951e-03
2.5725000000e+01  8.0107946667e-03
2.5775000000e+01  8.2746803917e-03
2.5825000000e+01  8.7779159802e-03
2.5875000000e+01  8.6434652906e-03
2.5925000000e+01  9.4165304334e-03
2.5975000000e+01  1.1494448702e-02
2.6025000000e+01  1.6523015837e-02
2.6075000000e+01  2.4259083519e-02
2.6125000000e+01  3.0336445269e-02
2.6175000000e+01  3.1896158732e-02
2.6225000000e+01  2.8258392310e-02
2.6275000000e+01  2.2590761422e-02
2.6325000000e+01  1.9312355552e-02
2.6375000000e+01  1.6608415347e-02
2.6425000000e+01  1.4397544613e-02
2.6475000000e+01  1.1666680386e-02
2.6525000000e+01  1.2023968451e-02
2.6575000000e+01  1.7213588809e-02
2.6625000000e+01  2.3283746960e-02
2.6675000000e+01  2.8544719402e-02
2.6725000000e+01  2.8632105086e-02
2.6775000000e+01  2.6425242660e-02
2.6825000000e+01  2.2392278606e-02
2.6875000000e+01  1.6947990350e-02
2.6925000000e+01  1.1383390379e-02
2.6975000000e+01  5.7793724066e-03
2.7025000000e+01  4.0477189062e-03
2.7075000000e+01  3.0189915192e-03
2.7125000000e+01  1.9316659285e-03
2.7175000000e+01  9.5603726555e-04
2.7225000000e+01  4.1548570698e-03
2.7275000000e+01  9.1655932211e-03
2.7325000000e+01  1.3498064609e-02
2.7375000000e+01  1.4002321713e-02
2.7425000000e+01  1.3358912675e-02
2.7475000000e+01  1.4303116692e-02
2.7525000000e+01  1.5606719026e-02
2.7575000000e+01  1.4246168923e-02
2.7625000000e+01  1.2533064681e-02
2.7675000000e+01  1.1110949440e-02
2.7725000000e+01  1.0894337069e-02
2.7775000000e+01  1.1365438128e-02
2.7825000000e+01  1.1751563707e-02
2.7875000000e+01  1.2905437697e-02
2.7925000000e+01  1.3963681562e-02
2.7975000000e+01  1.3171646186e-02
2.8025000000e+01  1.1121510734e-02
2.8075000000e+01  9.4571602288e-03
2.8125000000e+01  7.1746603246e-03
2.8175000000e+01  6.6925827444e-03
2.8225000000e+01  7.3171769122e-03
2.8275000000e+01  1.0355404404e-02
2.8325000000e+01  1.2173793415e-02
2.8375000000e+01  1.2012935987e-02
2.8425000000e+01  7.7754125946e-03
2.8475000000e+01  5.7608498844e-03
2.8525000000e+01  4.4706032129e-03
2.8575000000e+01  4.1690019184e-03
2.8625000000e+01  2.1625456521e-03
2.8675000000e+01  -4.2026384680e-03
2.8725000000e+01  -8.1993073293e-03
2.8775000000e+01  -1.2342484871e-02
2.8825000000e+01  -1.2409007551e-02
2.8875000000e+01  -1.2941272275e-02
2.8925000000e+01  -1.4907365556e-02
2.8975000000e+01  -1.7413506371e-02
2.9025000000e+01  -1.7284584224e-02
2.9075000000e+01  -1.4475934843e-02
2.9125000000e+01  -1.1069295697e-02
2.9175000000e+01  -6.6361917281e-03
2.9225000000e+01  -3.8949119268e-03
2.9275000000e+01  -6.5849334465e-04
2.9325000000e+01  2.3269557177e-03
2.9375000000e+01  2.4945415147e-03
2.9425000000e+01  2.7624961120e-03
2.9475000000e+01  3.3694464679e-03
2.9525000000e+01  3.1315688140e-03
2.9575000000e+01  2.6749770554e-03
2.9625000000e+01  1.8555542830e-04
2.9675000000e+01  -3.4794729345e-03
2.9725000000e+01  -5.5322144559e-03
2.9775000000e+01  -6.8868997848e-03
2.9825000000e+01  -7.1856750135e-03
2.9875000000e+01  -6.4251339918e-03
2.9925000000e+01  -6.8722042733e-03
2.9975000000e+01  -8.0710148463e-03
3.0025000000e+01  -1.2301272539e-02
3.0075000000e+01  -1.6316756638e-02
3.0125000000e+01  -1.8419008160e-02
3.0175000000e+01  -1.7042902903e-02
3.0225000000e+01  -1.1473720078e-02
3.0275000000e+01  -5.9765325787e-03
3.0325000000e+01  -2.7914539698e-03
3.0375000000e+01  -1.8503565880e-03
3.0425000000e+01  -4.0390464520e-03
3.0475000000e+01  -6.0608026282e-03
3.0525000000e+01  -5.3719744898e-03
3.0575000000e+01  -3.7799267122e-03
3.0625000000e+01  -1.1628537906e-03
3.0675000000e+01  2.6616156445e-04
3.0725000000e+01  -8.2617513834e-04
3.0775000000e+01  -8.7928577565e-04
3.0825000000e+01  -1.7254834233e-03
3.0875000000e+01  -1.6530541830e-04
3.0925000000e+01  2.4081163810e-03
3.0975000000e+01  4.4963526057e-03
3.1025000000e+01  5.3502267122e-03
3.1075000000e+01  3.7656616111e-03
3.1125000000e+01  -2.0889092505e-03
3.1175000000e+01  -6.5458429281e-03
3.1225000000e+01  -1.1078003621e-02
3.1275000000e+01  -1.4038363156e-02
3.1325000000e+01  -1.6587962847e-02
3.1375000000e+01  -1.9994606267e-02
3.1425000000e+01  -2.2894466480e-02
3.1475000000e+01  -2.1250241737e-02
3.1525000000e+01  -1.7259421889e-02
3.1575000000e+01  -1.2680089010e-02
3.1625000000e+01  -8.5170834776e-03
3.1675000000e+01  -8.3544067356e-03
3.1725000000e+01  -9.2546172737e-03
3.1775000000e+01  -1.0654090747e-02
3.1825000000e+01  -1.1390872361e-02
3.1875000000e+01  -1.0356127918e-02
3.1925000000e+01  -1.0071798493e-02
3.1975000000e+01  -9.1879478250e-03
3.2025000000e+01  -1.0404032985e-02
3.2075000000e+01  -1.0689118945e-02
3.2125000000e+01  -1.0260708829e-02
3.2175000000e+01  -1.0845494932e-02
3.2225000000e+01  -1.0937822633e-02
3.2275000000e+01  -1.1224745796e-02
3.2325000000e+01  -1.2960684046e-02
3.2375000000e+01  -1.4252516396e-02
3.2425000000e+01  -1.5834084042e-02
3.2475000000e+01  -1.6520654166e-02
3.2525000000e+01  -1.4838868671e-02
3.2575000000e+01  -9.1018295116e-03
3.2625000000e+01  -1.7502775209e-03
3.2675000000e+01  2.5280536544e-03
3.2725000000e+01  2.3186955790e-03
3.2775000000e+01  -3.9337680131e-03
3.2825000000e+01  -1.2816918483e-02
3.2875000000e+01  -1.9686209717e-02
3.2925000000e+01  -2.1424419763e-02
3.2975000000e+01  -1.8831423599e-02
3.3025000000e+01  -1.4651848344e-02
3.3075000000e+01  -1.1981356271e-02
3.3125000000e+01  -1.2091356370e-02
3.3175000000e+01  -1.3817417515e-02
3.3225000000e+01  -1.4437773568e-02
3.3275000000e+01  -1.2436115237e-02
3.3325000000e+01  -7.9468706297e-03
3.3375000000e+01  -4.1619064861e-03
3.3425000000e+01  -4.5164814533e-04
3.3475000000e+01  5.1764014323e-04
3.3525000000e+01  -1.7761469540e-03
3.3575000000e+01  -1.4672288954e-03
3.3625000000e+01  -1.4916280083e-03
3.3675000000e+01  1.4390133482e-03
3.3725000000e+01  5.7778450663e-03
3.3775000000e+01  7.2435667953e-03
3.3825000000e+01  9.0467928270e-03
3.3875000000e+01  6.9774180907e-03
3.3925000000e+01  4.8744262373e-03
3.3975000000e+01  2.9216366827e-03
3.4025000000e+01  4.1346848926e-04
3.4075000000e+01  -8.6611925677e-04
3.4125000000e+01  -3.6846503017e-03
3.4175000000e+01  -5.0870339318e-03
3.4225000000e+01  -5.2212715237e-03
3.4275000000e+01  -6.0765295108e-03
3.4325000000e+01  -6.0712701032e-03
3.4375000000e+01  -5.9794083704e-03
3.4425000000e+01  -5.6932221329e-03
3.4475000000e+01  -3.8115348763e-03
3.4525000000e+01  -5.1731811932e-05
3.4575000000e+01  3.5095159421e-03
3.4625000000e+01  4.3162555609e-03
3.4675000000e+01  5.9722463223e-03
3.4725000000e+01  7.4535012779e-03
3.4775000000e+01  8.8905435239e-03
3.4825000000e+01  1.3007796084e-02
3.4875000000e+01  1.4233212380e-02
3.4925000000e+01  1.0392801849e-02
3.4975000000e+01  3.4983480501e-03
3.5025000000e+01  -3.8703558987e-03
3.5075000000e+01  -9.4664438167e-03
3.5125000000e+01  -9.3709131444e-03
3.5175000000e+01  -5.3724900517e-03
3.5225000000e+01  -5.9551779630e-04
3.5275000000e+01  5.6281450244e-03
3.5325000000e+01  9.2168226788e-03
3.5375000000e+01  8.6646569252e-03
3.5425000000e+01  8.1051669330e-03
3.5475000000e+01  5.9264703056e-03
3.5525000000e+01  5.3924397154e-03
3.5575000000e+01  8.9782133753e-03
3.5625000000e+01  1.3179763731e-02
3.5675000000e+01  1.5585812730e-02
3.5725000000e+01  1.5801397756e-02
3.5775000000e+01  1.3556522856e-02
3.5825000000e+01  9.2297916968e-03
3.5875000000e+01  7.6848947876e-03
3.5925000000e+01  8.5603321783e-03
3.5975000000e+01  1.0048476175e-02
3.6025000000e+01  1.0518574553e-02
3.6075000000e+01  8.9504666559e-03
3.6125000000e+01  6.6646457159e-03
3.6175000000e+01  3.2827869859e-03
3.6225000000e+01  7.3294575677e-04
3.6275000000e+01  -5.6971409068e-04
3.6325000000e+01  -1.0819792520e-03
3.6375000000e+01  -1.4339719755e-03
3.6425000000e+01  -1.9757205551e-03
3.6475000000e+01  -3.4297501579e-03
3.6525000000e+01  -4.2848177672e-03
3.6575000000e+01  -4.6003014435e-03
3.6625000000e+01  -3.6031191127e-03
3.6675000000e+01  -1.2939224534e-03
3.6725000000e+01  2.6156611660e-03
3.6775000000e+01  6.2584592736e-03
3.6825000000e+01  8.1927423570e-03
3.6875000000e+01  8.8675775241e-03
3.6925000000e+01  6.5564388831e-03
3.6975000000e+01  8.7169823223e-04
3.7025000000e+01  -2.9115195977e-03
3.7075000000e+01  -5.3160656203e-03
3.7125000000e+01  -5.4975743732e-03
3.7175000000e+01  -2.1410494801e-03
3.7225000000e+01  1.6924039024e-03
3.7275000000e+01  1.8977978216e-03
3.7325000000e+01  -1.1426053084e-03
3.7375000000e+01  -4.4349700467e-03
3.7425000000e+01  -9.4041992973e-03
3.7475000000e+01  -1.2372416677e-02
3.7525000000e+01  -1.2417283059e-02
3.7575000000e+01  -1.3828670898e-02
3.7625000000e+01  -1.5608641366e-02
3.7675000000e+01  -1.6965924631e-02
3.7725000000e+01  -1.9451096151e-02
3.7775000000e+01  -2.0607824098e-02
3.7825000000e+01  -2.0038982094e-02
3.7875000000e+01  -1.9398762073e-02
3.7925000000e+01  -1.8274133918e-02
3.7975000000e+01  -1.7063764515e-02
3.8025000000e+01  -1.5474484573e-02
3.8075000000e+01  -1.5750879204e-02
3.8125000000e+01  -1.6736884353e-02
3.8175000000e+01  -1.7039528657e-02
3.8225000000e+01  -1.7527283659e-02
3.8275000000e+01  -1.7726302254e-02
3.8325000000e+01  -1.7487919566e-02
3.8375000000e+01  -1.7033499547e-02
3.8425000000e+01  -1.6411808453e-02
3.8475000000e+01  -1.7031987121e-02
3.8525000000e+01  -1.7114265978e-02
3.8575000000e+01  -1.5763639725e-02
3.8625000000e+01  -1.5548075327e-02
3.8675000000e+01  -1.5884790682e-02
3.8725000000e+01  -1.4894264488e-02
3.8775000000e+01  -1.4342748385e-02
3.8825000000e+01  -1.3121215343e-02
3.8875000000e+01  -9.1031283821e-03
3.8925000000e+01  -7.3133307047e-03
3.8975000000e+01  -5.5864766043e-03
3.9025000000e+01  -4.4807347083e-03
3.9075000000e+01  -3.9017179870e-03
3.9125000000e+01  -2.5414863668e-03
3.9175000000e+01  -7.2183448054e-04
3.9225000000e+01  1.2495688813e-03
3.9275000000e+01  1.5259459692e-03
3.9325000000e+01  3.1611473398e-04
3.9375000000e+01  -1.5987010102e-03
3.9425000000e+01  -4.3217458933e-03
3.9475000000e+01  -7.1436551138e-03
3.9525000000e+01  -8.8986891633e-03
3.9575000000e+01  -1.0217779799e-02
3.9625000000e+01  -1.1861315179e-02
3.9675000000e+01  -1.4563820688e-02
3.9725000000e+01  -1.6120019457e-02
3.9775000000e+01  -1.7959682775e-02
3.9825000000e+01  -1.9341825418e-02
3.9875000000e+01  -1.7586695002e-02
3.9925000000e+01  -1.4586962969e-02
3.9975000000e+01  -1.2062447241e-02
4.0025000000e+01  -9.9656986464e-03
4.0075000000e+01  -7.9881041029e-03
4.0125000000e+01  -1.0366012656e-02
4.0175000000e+01  -1.2505549304e-02
4.0225000000e+01  -1.3180170194e-02
4.0275000000e+01  -1.3655682459e-02
4.0325000000e+01  -1.3305176362e-02
4.0375000000e+01  -9.7844781869e-03
4.0425000000e+01  -7.5275612413e-03
4.0475000000e+01  -6.1056868910e-03
4.0525000000e+01  -4.2628469552e-03
4.0575000000e+01  -2.0951154603e-03
4.0625000000e+01  -3.5509439313e-03
4.0675000000e+01  -3.9847824121e-03
4.0725000000e+01  -3.1532388066e-03
4.0775000000e+01  -3.9449609109e-03
4.0825000000e+01  -3.9749603007e-03
4.0875000000e+01  -1.9820422500e-03
4.0925000000e+01  -1.3950017063e-03
4.0975000000e+01  -1.1605167524e-03
4.1025000000e+01  1.4856344704e-04
4.1075000000e+01  1.1269576480e-03
4.1125000000e+01  4.9815614114e-04
4.1175000000e+01  5.4888892442e-04
4.1225000000e+01  3.3791120484e-03
4.1275000000e+01  3.1774986130e-03
4.1325000000e+01  2.9297327688e-03
4.1375000000e+01  2.8862308816e-03
4.1425000000e+01  3.0956853762e-03
4.1475000000e+01  2.6541658191e-03
4.1525000000e+01  3.4094983553e-03
4.1575000000e+01  4.0378138806e-03
4.1625000000e+01  4.2863247859e-03
4.1675000000e+01  3.9299046475e-03
4.1725000000e+01  2.1887155258e-03
4.1775000000e+01  8.7775439885e-04
4.1825000000e+01  4.1621967587e-04
4.1875000000e+01  1.2076611437e-03
4.1925000000e+01  1.6910274404e-03
4.1975000000e+01  3.3938670646e-03
4.2025000000e+01  4.3729080629e-03
4.2075000000e+01  4.5598160695e-03
4.2125000000e+01  5.4505260118e-03
4.2175000000e+01  8.0984066364e-03
4.2225000000e+01  9.2147402836e-03
4.2275000000e+01  1.0652907206e-02
4.2325000000e+01  1.2315438661e-02
4.2375000000e+01  1.3537667916e-02
4.2425000000e+01  1.3852449305e-02
4.2475000000e+01  1.4290503886e-02
4.2525000000e+01  1.4721552706e-02
4.2575000000e+01  1.3671556030e-02
4.2625000000e+01  1.1427761860e-02
4.2675000000e+01  8.0382328156e-03
4.2725000000e+01  6.4826229372e-03
4.2775000000e+01  2.8218980019e-03
4.2825000000e+01  7.5839595429e-04
4.2875000000e+01  -1.7643516098e-03
4.2925000000e+01  -4.1621264647e-03
4.2975000000e+01  -4.6318603159e-03
4.3025000000e+01  -3.1557269182e-03
4.3075000000e+01  -1.0897840051e-03
4.3125000000e+01  2.7938915671e-03
4.3175000000e+01  7.7872991000e-03
4.3225000000e+01  9.5783830366e-03
4.3275000000e+01  8.9257132190e-03
4.3325000000e+01  7.1500201294e-03
4.3375000000e+01  2.9012081186e-03
4.3425000000e+01  -1.2622890252e-03
4.3475000000e+01  -4.4371019133e-03
4.3525000000e+01  -5.6498813703e-03
4.3575000000e+01  -5.6562382930e-03
4.3625000000e+01  -3.4523283017e-03
4.3675000000e+01  -9.9597592038e-04
4.3725000000e+01  1.1326983669e-03
4.3775000000e+01  3.5403240780e-03
4.3825000000e+01  5.5301674400e-03
4.3875000000e+01  6.6978870981e-03
4.3925000000e+01  6.4736900022e-03
4.3975000000e+01  6.7452630643e-03
4.4025000000e+01  4.1057587627e-03
4.4075000000e+01  6.1125298303e-04
4.4125000000e+01  -1.2788639224e-03
4.4175000000e+01  -3.9086959811e-03
4.4225000000e+01  -7.6494933909e-03
4.4275000000e+01  -9.6964518018e-03
4.4325000000e+01  -1.0919119096e-02
4.4375000000e+01  -1.1121640292e-02
4.4425000000e+01  -1.0793811489e-02
4.4475000000e+01  -8.3511947690e-03
4.4525000000e+01  -7.1255407417e-03
4.4575000000e+01  -2.4235110930e-03
4.4625000000e+01  3.6708806401e-03
4.4675000000e+01  7.8935459379e-03
4.4725000000e+01  8.6728039315e-03
4.4775000000e+01  6.4432839356e-03
4.4825000000e+01  1.1451180051e-03
4.4875000000e+01  -4.4208901657e-03
4.4925000000e+01  -1.2759848670e-02
4.4975000000e+01  -1.8351497585e-02
4.5025000000e+01  -2.2518172760e-02
4.5075000000e+01  -2.1745814360e-02
4.5125000000e+01  -1.8929753919e-02
4.5175000000e+01  -1.6582388329e-02
4.5225000000e+01  -1.6069703366e-02
4.5275000000e+01  -1.7111695572e-02
4.5325000000e+01  -1.6927041027e-02
4.5375000000e+01  -2.0312401088e-02
4.5425000000e+01  -2.2477230407e-02
4.5475000000e+01  -2.3038122617e-02
4.5525000000e+01  -2.1144318070e-02
4.5575000000e+01  -1.7623946812e-02
4.5625000000e+01  -1.3713878455e-02
4.5675000000e+01  -1.1594285767e-02
4.5725000000e+01  -1.0838449817e-02
4.5775000000e+01  -1.3071709564e-02
4.5825000000e+01  -1.1010490205e-02
4.5875000000e+01  -1.1735887321e-02
4.5925000000e+01  -1.4583353927e-02
4.5975000000e+01  -1.8567094568e-02
4.6025000000e+01  -2.0784241951e-02
4.6075000000e+01  -2.1160942256e-02
4.6125000000e+01  -2.0921735080e-02
4.6175000000e+01  -1.9446058546e-02
4.6225000000e+01  -1.6238134470e-02
4.6275000000e+01  -1.2551491823e-02
4.6325000000e+01  -1.0765877356e-02
4.6375000000e+01  -9.7126895111e-03
4.6425000000e+01  -8.3566792793e-03
4.6475000000e+01  -7.8827772141e-03
4.6525000000e+01  -9.3093192555e-03
4.6575000000e+01  -1.1011225457e-02
4.6625000000e+01  -1.1200535676e-02
4.6675000000e+01  -1.2323523264e-02
4.6725000000e+01  -1.4641375689e-02
4.6775000000e+01  -1.6473346642e-02
4.6825000000e+01  -1.5847836849e-02
4.6875000000e+01  -1.3877444844e-02
4.6925000000e+01  -1.0827108558e-02
4.6975000000e+01  -3.3590533987e-03
4.7025000000e+01  -1.1192845521e-03
4.7075000000e+01  1.7719609897e-03
4.7125000000e+01  1.9602421661e-03
4.7175000000e+01  1.3762006143e-03
4.7225000000e+01  -1.5647414608e-03
4.7275000000e+01  -4.3247493820e-03
4.7325000000e+01  -5.7540564861e-03
4.7375000000e+01  -6.5489177929e-03
4.7425000000e+01  -8.1588982606e-03
4.7475000000e+01  -9.4215016624e-03
4.7525000000e+01  -7.3922664506e-03
4.7575000000e+01  -8.2451464744e-03
4.7625000000e+01  -7.2270638393e-03
4.7675000000e+01  -6.1152979320e-03
4.7725000000e+01  -3.8103831003e-03
4.7775000000e+01  -2.4567680901e-03
4.7825000000e+01  -1.3634802705e-03
4.7875000000e+01  -1.0113372973e-03
4.7925000000e+01  -1.1333767119e-03
4.7975000000e+01  -1.0885715792e-03
4.8025000000e+01  -2.8312929561e-03
4.8075000000e+01  -2.6839314033e-03
4.8125000000e+01  -4.2381894412e-03
4.8175000000e+01  -3.8567214365e-03
4.8225000000e+01  -4.6642586263e-03
4.8275000000e+01  -4.6018050873e-03
4.8325000000e+01  -3.2552170797e-03
4.8375000000e+01  -1.7415465889e-03
4.8425000000e+01  -3.1703349149e-04
4.8475000000e+01  7.1548980226e-04
4.8525000000e+01  1.0183413733e-03
4.8575000000e+01  1.8652753695e-03
4.8625000000e+01  2.7420965235e-03
4.8675000000e+01  3.2658382531e-03
4.8725000000e+01  3.2307519518e-03
4.8775000000e+01  4.5366386055e-03
4.8825000000e+01  7.0372721942e-03
4.8875000000e+01  9.1973978392e-03
4.8925000000e+01  1.0738214664e-02
4.8975000000e+01  1.2878127470e-02
4.9025000000e+01  1.4590629371e-02
4.9075000000e+01  1.4050426792e-02
4.9125000000e+01  1.0051709001e-02
4.9175000000e+01  4.4327389247e-03
4.9225000000e+01  -3.9781805451e-03
4.9275000000e+01  -8.8903938018e-03
4.9325000000e+01  -1.2215589587e-02
4.9375000000e+01  -1.2811008065e-02
4.9425000000e+01  -1.0020636318e-02
4.9475000000e+01  -4.4785590756e-03
4.9525000000e+01  2.4531739579e-03
4.9575000000e+01  9.6284954518e-03
4.9625000000e+01  1.6570448905e-02
4.9675000000e+01  2.0555110907e-02
4.9725000000e+01  2.0076360536e-02
4.9775000000e+01  1.9862056519e-02
4.9825000000e+01  1.9160304694e-02
4.9875000000e+01  1.6909865945e-02
4.9925000000e+01  1.3692197903e-02
4.9975000000e+01  -3.9030237210e-03
