0
-0.0032283547226899536
0.008688233854065135
-0.022765561285134055
0.015555770670851312
-0.007212707506660762
0.05425677697005469
-0.07071004443205843
-0.26308460119885285
0.37538266734940423
-0.3726328895135748
0.5236062100036047
-0.045389550062215116
0.030739865234086474
0.11221544409261194
-0.06484944936060555
0.2003396550308171
0.23038988611922592
-0.04973126032266293
0.1392457760803995
-0.15106102155255777
0.07714407575203377
-0.40023776768376873
0.47050907025240213
-0.5398557471199726
0.14618935966468588
0.0723388071268588
-0.4412865136921887
0.22382950355872383
0.07295443930855598
0.19237553760038548
0.5089414121164737
0.23870572527615164
0.09647821201219844
0.07171598573068746
0.15831717527240496
-0.0952391822170595
0.07759884626989356
-0.1253312513486212
-0.42350131211659203
-0.1960065206608032
-0.1952485783507009
-0.11605989258204533
-0.7077629475258924
-0.3429256026134455
-0.15267392648908581
0.0423278453570302
-0.4258304648735547
-0.31096781351843444
0.1346013038671939
0.3404280113110462
0.14827943065348503
-0.1360264715794762
0.12085617004911366
0.10755505948689771
0.19553148610948032
0.5202021695691535
0.05977068961864989
0.6834215118392181
0.2841690913559346
0.09780113069334394
-0.06884587606425034
-0.4129619664148245
0.13732595557264857
0.008387053770856407
-0.30434363216340454
0.03361944841480609
0.07545886669623963
-0.3037596092570252
-0.19176393592008179
-0.415972555080822
-0.2467044464744678
-0.4749700407900685
-0.013806798759495231
0.18812112746711174
-0.19834032764740195
-0.16354404674200002
0.2947495578823923
0.35525166888019183
0.4490804682117433
0.007714030103185312
0.0711995146328116
-0.07434410677604857
-0.38608603507080014
-0.31941629737559746
0.19900937199444446
0.2231801702464109
-0.03540514478286838
0.211054903920058
-0.11055628016534508
-0.269768766227399
-0.2877271042895708
0.10006452735416131
0.1781738230837006
-0.12582598881431656
0.18312053124789923
0.1767053986218656
0.049206846543059596
0.05705776778732209
-0.2556451739148211
0.11484698996076852
0.2810731835595048
0.2851963175618642
-0.007313612583031409
0.05993986377287761
-0.27166289180661163
-0.15470680867025297
0.10020211042008478
-0.44046838072275213
-0.14806673725741695
-0.22479305730173135
0.15189590176344228
0.13023652258702573
0.4960663174508859
-0.06734950149878335
0.21532815367158456
0.031159971872933432
-0.1076719757154456
-0.21912791022540956
-0.14283580378216024
0.1806961991710932
0.21553004890353508
0.3144321851136535
0.1589223405679125
-0.23913919380469034
0.06687664887431113
0.24150477262319495
-0.6750486025915072
-0.08679320642971647
0.03485526818990803
0.2384569085844392
-0.03729206629177566
0.06594080077639232
0.14290702768960994
0.01050158730313691
0.06949628986940783
0.49687511502826964
0.06677358745797536
-0.5426176856298601
-0.0835489751535132
0.005960318699390551
-0.2008476045738596
-0.45412362904944054
0.15536150913414118
-0.15959583046660614
-0.009576751335498904
0.47680394130667436
0.06686993560408104
-0.20321079458762822
0.1304123717215774
