5.0000000000e-01  3.9964911590e-03  2.6025496202e-05
1.5000000000e+00  4.0974745859e-03  4.6161323282e-05
2.5000000000e+00  3.9807063426e-03  5.8145993020e-05
3.5000000000e+00  3.9700747245e-03  7.2361829954e-05
4.5000000000e+00  4.0152035086e-03  8.5658271033e-05
5.5000000000e+00  3.9486133437e-03  9.1395803008e-05
6.5000000000e+00  3.9735790948e-03  9.3139950426e-05
7.5000000000e+00  3.9921089821e-03  1.0844877689e-04
8.5000000000e+00  3.9880568811e-03  1.1109669399e-04
9.5000000000e+00  3.9000024620e-03  1.2139235800e-04
1.0500000000e+01  3.9601929029e-03  1.2284893631e-04
1.1500000000e+01  3.9943847140e-03  1.3505078478e-04
1.2500000000e+01  3.9506234298e-03  1.4395132178e-04
1.3500000000e+01  3.9799694343e-03  1.4785435045e-04
1.4500000000e+01  3.9701086119e-03  1.4821667464e-04
1.5500000000e+01  3.9950281320e-03  1.6092012902e-04
1.6500000000e+01  4.0558089502e-03  1.6570375170e-04
1.7500000000e+01  4.0627753269e-03  1.6507906300e-04
1.8500000000e+01  4.0409673453e-03  1.7183865152e-04
1.9500000000e+01  4.0824794118e-03  1.7516347632e-04
2.0500000000e+01  4.0419683943e-03  1.7508904878e-04
2.1500000000e+01  4.1173918501e-03  1.9190118776e-04
2.2500000000e+01  4.0772470179e-03  1.8670799558e-04
2.3500000000e+01  4.1196570034e-03  2.0638796877e-04
2.4500000000e+01  4.1155582685e-03  2.0966984865e-04
2.5500000000e+01  4.1310147012e-03  2.0184930784e-04
2.6500000000e+01  4.1334215491e-03  1.9896798411e-04
2.7500000000e+01  4.1894836875e-03  2.1835001731e-04
2.8500000000e+01  4.2265511886e-03  2.2929160145e-04
2.9500000000e+01  4.2305525797e-03  2.2278618689e-04
3.0500000000e+01  4.2701597259e-03  2.1847519446e-04
3.1500000000e+01  4.2959759160e-03  2.1852310238e-04
3.2500000000e+01  4.3455829944e-03  2.2988682517e-04
3.3500000000e+01  4.3945382464e-03  2.3199713242e-04
3.4500000000e+01  4.4467340698e-03  2.3984951478e-04
3.5500000000e+01  4.4942491226e-03  2.4394114721e-04
3.6500000000e+01  4.5508988115e-03  2.3155422257e-04
3.7500000000e+01  4.6588300054e-03  2.5112482212e-04
3.8500000000e+01  4.6844500816e-03  2.5310994345e-04
3.9500000000e+01  4.7549641258e-03  2.4177871123e-04
4.0500000000e+01  4.8794712781e-03  2.6193188593e-04
4.1500000000e+01  4.9336846761e-03  2.4276633372e-04
4.2500000000e+01  5.0298674691e-03  2.6601721415e-04
4.3500000000e+01  5.1076085009e-03  2.5550843010e-04
4.4500000000e+01  5.2481376963e-03  2.4973613150e-04
4.5500000000e+01  5.3425449449e-03  2.6020946095e-04
4.6500000000e+01  5.4807381841e-03  2.6555688632e-04
4.7500000000e+01  5.5619019317e-03  2.7375225977e-04
4.8500000000e+01  5.6584177388e-03  2.8025389816e-04
4.9500000000e+01  5.7148291241e-03  2.8424344684e-04
5.0500000000e+01  5.8054912260e-03  3.1020934762e-04
5.1500000000e+01  5.8214319443e-03  2.9431606486e-04
5.2500000000e+01  5.8853792822e-03  3.2956025210e-04
5.3500000000e+01  5.9063663267e-03  3.1788468759e-04
5.4500000000e+01  5.9304393313e-03  3.4262666250e-04
5.5500000000e+01  5.9033751278e-03  3.1821066718e-04
5.6500000000e+01  5.8663452006e-03  3.4201982268e-04
5.7500000000e+01  5.8372919856e-03  3.1771839684e-04
5.8500000000e+01  5.7798669710e-03  3.4631985015e-04
5.9500000000e+01  5.7385905080e-03  3.2628040554e-04
6.0500000000e+01  5.7012906846e-03  3.2358184856e-04
6.1500000000e+01  5.5987591634e-03  3.1805739593e-04
6.2500000000e+01  5.5509497014e-03  3.0796811578e-04
6.3500000000e+01  5.4910297758e-03  3.1720107952e-04
6.4500000000e+01  5.4292008158e-03  3.1173416888e-04
6.5500000000e+01  5.3350280997e-03  2.9466182068e-04
6.6500000000e+01  5.3157679835e-03  2.9765731990e-04
6.7500000000e+01  5.2553180693e-03  2.9598102573e-04
6.8500000000e+01  5.1940574540e-03  2.8338301550e-04
6.9500000000e+01  5.1690140918e-03  2.9397015991e-04
7.0500000000e+01  5.1379137138e-03  3.0188710198e-04
7.1500000000e+01  5.0733828506e-03  2.9245550862e-04
7.2500000000e+01  5.0381800890e-03  3.0195460521e-04
7.3500000000e+01  5.0290221002e-03  3.0521334155e-04
7.4500000000e+01  5.0354705730e-03  2.9597903418e-04
7.5500000000e+01  5.0548933337e-03  3.0620090552e-04
7.6500000000e+01  5.0349267385e-03  3.0680464613e-04
7.7500000000e+01  5.0385700523e-03  3.3297645829e-04
7.8500000000e+01  5.0471012127e-03  3.0608076280e-04
7.9500000000e+01  5.0732832360e-03  3.2219850360e-04
8.0500000000e+01  5.0726388833e-03  3.0691548342e-04
8.1500000000e+01  5.1243806924e-03  3.1410620845e-04
8.2500000000e+01  5.1224109063e-03  3.0946024612e-04
8.3500000000e+01  5.1533014815e-03  3.0095134438e-04
8.4500000000e+01  5.1798992777e-03  3.0712150801e-04
8.5500000000e+01  5.2045239764e-03  3.1445749844e-04
8.6500000000e+01  5.2228442012e-03  3.0315492061e-04
8.7500000000e+01  5.2368317452e-03  3.1130696430e-04
8.8500000000e+01  5.3071438417e-03  3.2154226224e-04
8.9500000000e+01  5.3035432774e-03  3.2016626755e-04
9.0500000000e+01  5.3297982585e-03  3.1524505526e-04
9.1500000000e+01  5.3778647082e-03  3.1444901094e-04
9.2500000000e+01  5.4058078986e-03  3.1229279269e-04
9.3500000000e+01  5.4069469191e-03  3.0756811577e-04
9.4500000000e+01  5.4415404521e-03  3.1800718038e-04
9.5500000000e+01  5.4446964589e-03  3.1890569744e-04
9.6500000000e+01  5.4260865517e-03  3.3037450220e-04
9.7500000000e+01  5.4726233433e-03  3.2098510869e-04
9.8500000000e+01  5.5002928391e-03  3.2665542271e-04
9.9500000000e+01  5.5222864488e-03  3.1915790529e-04
1.0050000000e+02  5.4966728246e-03  3.3360627631e-04
1.0150000000e+02  5.5164691945e-03  3.1615740776e-04
1.0250000000e+02  5.5072137367e-03  3.1810253123e-04
1.0350000000e+02  5.5252931444e-03  3.0063616099e-04
1.0450000000e+02  5.5029106652e-03  3.0588928292e-04
1.0550000000e+02  5.5413476820e-03  3.0501586699e-04
1.0650000000e+02  5.5180034161e-03  3.3140717633e-04
1.0750000000e+02  5.5258700738e-03  3.1558784300e-04
1.0850000000e+02  5.5111557037e-03  3.1827014900e-04
1.0950000000e+02  5.4966984945e-03  3.1650702453e-04
1.1050000000e+02  5.5267400971e-03  3.0533809124e-04
1.1150000000e+02  5.5001247728e-03  3.0795844155e-04
1.1250000000e+02  5.4784605747e-03  3.1514551391e-04
1.1350000000e+02  5.4918044648e-03  3.1147710223e-04
1.1450000000e+02  5.5012924620e-03  2.9825706939e-04
1.1550000000e+02  5.4902106889e-03  2.9003557907e-04
1.1650000000e+02  5.4718245034e-03  3.1319460811e-04
1.1750000000e+02  5.4862557542e-03  2.9936657455e-04
1.1850000000e+02  5.4550210949e-03  2.9636038408e-04
1.1950000000e+02  5.4485338619e-03  2.8918524798e-04
1.2050000000e+02  5.4480480303e-03  3.1937189700e-04
1.2150000000e+02  5.4277012452e-03  2.9688963732e-04
1.2250000000e+02  5.4076186497e-03  3.0033723770e-04
1.2350000000e+02  5.3744314297e-03  2.9391670248e-04
1.2450000000e+02  5.3741841257e-03  3.0027800246e-04
1.2550000000e+02  5.3677991482e-03  2.9324379813e-04
1.2650000000e+02  5.3421045057e-03  2.7783854272e-04
1.2750000000e+02  5.3427898044e-03  2.8862430235e-04
1.2850000000e+02  5.3180170657e-03  2.8719065023e-04
1.2950000000e+02  5.3575287208e-03  2.7661796121e-04
1.3050000000e+02  5.3161921302e-03  2.7339916301e-04
1.3150000000e+02  5.2847299593e-03  3.0117505040e-04
1.3250000000e+02  5.2880165869e-03  2.8845559826e-04
1.3350000000e+02  5.2950154334e-03  2.6656129379e-04
1.3450000000e+02  5.2925565547e-03  3.0213874537e-04
1.3550000000e+02  5.2593007387e-03  2.7941723799e-04
1.3650000000e+02  5.2961008189e-03  2.7370998186e-04
1.3750000000e+02  5.2721163064e-03  2.6895782889e-04
1.3850000000e+02  5.2447524022e-03  2.8535903540e-04
1.3950000000e+02  5.2611398747e-03  2.7601248090e-04
1.4050000000e+02  5.3118820154e-03  2.7372093192e-04
1.4150000000e+02  5.3489003131e-03  2.7060488004e-04
1.4250000000e+02  5.3794083017e-03  2.6331557909e-04
1.4350000000e+02  5.3785701550e-03  2.6657782228e-04
1.4450000000e+02  5.3754744407e-03  2.5140344213e-04
1.4550000000e+02  5.3883707551e-03  2.5311030645e-04
1.4650000000e+02  5.4101741200e-03  2.4960017328e-04
1.4750000000e+02  5.4942391722e-03  2.5977550920e-04
1.4850000000e+02  5.5752515697e-03  2.3211253049e-04
1.4950000000e+02  5.6510727799e-03  2.2499033555e-04
1.5050000000e+02  5.7230198998e-03  2.2528779352e-04
1.5150000000e+02  5.7721263373e-03  2.2779997881e-04
1.5250000000e+02  5.8705212447e-03  2.2139219732e-04
1.5350000000e+02  6.0243415075e-03  2.1654912505e-04
1.5450000000e+02  6.1244704714e-03  2.2452131784e-04
1.5550000000e+02  6.2219819154e-03  2.3272549305e-04
1.5650000000e+02  6.3597341577e-03  2.2157035597e-04
1.5750000000e+02  6.5194576131e-03  2.0905832482e-04
1.5850000000e+02  6.6806882127e-03  2.2695039017e-04
1.5950000000e+02  6.8617530411e-03  2.1772086936e-04
1.6050000000e+02  6.9675981612e-03  2.2529948108e-04
1.6150000000e+02  7.1943429563e-03  2.2959594766e-04
1.6250000000e+02  7.4007597237e-03  2.4157776506e-04
1.6350000000e+02  7.6533417797e-03  2.4381323168e-04
1.6450000000e+02  7.8995849938e-03  2.4179355807e-04
1.6550000000e+02  8.0512200181e-03  2.3821498444e-04
1.6650000000e+02  8.2603169173e-03  2.3563681397e-04
1.6750000000e+02  8.4805025868e-03  2.4640040312e-04
1.6850000000e+02  8.7994385986e-03  2.3586448239e-04
1.6950000000e+02  8.9825688780e-03  2.2737913777e-04
1.7050000000e+02  9.1556874343e-03  2.1475977463e-04
1.7150000000e+02  9.4015935343e-03  2.1140177029e-04
1.7250000000e+02  9.5569702646e-03  1.9775017322e-04
1.7350000000e+02  9.7510821890e-03  1.8288179079e-04
1.7450000000e+02  9.9274391625e-03  1.6459058988e-04
1.7550000000e+02  1.0015440828e-02  1.5213405747e-04
1.7650000000e+02  1.0228895098e-02  1.3358037365e-04
1.7750000000e+02  1.0292878173e-02  1.0439700693e-04
1.7850000000e+02  1.0056342985e-02  7.8012083865e-05
1.7950000000e+02  1.0366230922e-02  4.1649988846e-05
