2.5000000000e-02  0.0000000000e+00  0.0000000000e+00
7.5000000000e-02  0.0000000000e+00  0.0000000000e+00
1.2500000000e-01  0.0000000000e+00  0.0000000000e+00
1.7500000000e-01  1.5485368686e-03  4.8993513855e-02
2.2500000000e-01  2.3481911532e-03  5.3549031674e-02
2.7500000000e-01  3.4629368436e-03  6.2136127240e-02
3.2500000000e-01  4.5114853653e-03  8.3759385461e-02
3.7500000000e-01  3.0512590370e-03  4.8494081927e-02
4.2500000000e-01  2.9043986430e-03  4.0412126681e-02
4.7500000000e-01  2.6427981614e-03  4.4691591240e-02
5.2500000000e-01  3.3754361049e-03  4.6934154807e-02
5.7500000000e-01  2.3091532147e-03  3.7462300240e-02
6.2500000000e-01  3.3595655945e-03  5.5838252187e-02
6.7500000000e-01  3.5089788824e-03  5.2752235204e-02
7.2500000000e-01  3.9044725166e-03  5.4243312430e-02
7.7500000000e-01  4.4501642050e-03  6.5950253262e-02
8.2500000000e-01  3.3662196801e-03  4.7776988761e-02
8.7500000000e-01  4.2083469308e-03  5.7272879763e-02
9.2500000000e-01  4.0168473398e-03  5.1768390823e-02
9.7500000000e-01  4.4440700932e-03  5.4508172889e-02
1.0250000000e+00  4.2029083528e-03  5.3190987485e-02
1.0750000000e+00  5.1429957356e-03  5.5558613566e-02
1.1250000000e+00  4.8092315192e-03  5.1777061574e-02
1.1750000000e+00  4.8755080529e-03  5.2790121471e-02
1.2250000000e+00  5.8695652047e-03  5.8457747513e-02
1.2750000000e+00  6.3580495059e-03  5.8324503329e-02
1.3250000000e+00  6.5807304801e-03  6.0905945237e-02
1.3750000000e+00  8.8001801024e-03  7.2107350636e-02
1.4250000000e+00  1.9055518213e-02  6.4597322151e-02
1.4750000000e+00  6.5513903633e-02  7.2653749147e-02
1.5250000000e+00  2.0990691896e-01  8.2314906425e-02
1.5750000000e+00  4.7986489102e-01  1.2128580453e-01
1.6250000000e+00  7.9936680127e-01  1.7151257848e-01
1.6750000000e+00  1.0632662545e+00  2.0589541672e-01
1.7250000000e+00  1.2129362759e+00  2.1081141280e-01
1.7750000000e+00  1.2370890803e+00  1.9327817217e-01
1.8250000000e+00  1.1769949494e+00  1.6567428163e-01
1.8750000000e+00  1.0753872827e+00  1.3137842958e-01
1.9250000000e+00  9.3273595423e-01  1.0060597974e-01
1.9750000000e+00  7.8938180348e-01  7.5786559857e-02
2.0250000000e+00  6.5180594721e-01  6.5860867561e-02
2.0750000000e+00  5.2964576248e-01  7.8367482568e-02
2.1250000000e+00  4.4240675313e-01  9.4550856387e-02
2.1750000000e+00  3.7958888466e-01  1.0612076546e-01
2.2250000000e+00  3.3676871365e-01  1.2216942281e-01
2.2750000000e+00  3.0852222318e-01  1.2240742513e-01
2.3250000000e+00  2.9457864356e-01  1.3854850754e-01
2.3750000000e+00  2.8719879897e-01  1.4152993958e-01
2.4250000000e+00  2.9045357682e-01  1.4696954059e-01
2.4750000000e+00  2.9776546017e-01  1.5275971293e-01
2.5250000000e+00  3.1963169170e-01  1.5223349713e-01
2.5750000000e+00  3.4610820733e-01  1.5487629700e-01
2.6250000000e+00  3.8860232149e-01  1.5541911841e-01
2.6750000000e+00  4.4481194071e-01  1.4792416126e-01
2.7250000000e+00  5.1032926594e-01  1.3887858044e-01
2.7750000000e+00  5.9515838617e-01  1.2475953326e-01
2.8250000000e+00  6.9618333740e-01  1.0910942786e-01
2.8750000000e+00  8.0972936657e-01  9.3662766911e-02
2.9250000000e+00  9.2655286518e-01  7.6764294839e-02
2.9750000000e+00  1.0500825190e+00  6.4183267150e-02
3.0250000000e+00  1.1574615046e+00  6.0841300514e-02
3.0750000000e+00  1.2623116570e+00  6.3153872307e-02
3.1250000000e+00  1.3470835067e+00  6.9078538832e-02
3.1750000000e+00  1.4075851309e+00  8.6484526174e-02
3.2250000000e+00  1.4516681392e+00  9.0182208528e-02
3.2750000000e+00  1.4694891206e+00  9.3847850356e-02
3.3250000000e+00  1.4667041594e+00  8.7221014327e-02
3.3750000000e+00  1.4390865003e+00  9.0286308760e-02
3.4250000000e+00  1.3983841798e+00  7.8827441268e-02
3.4750000000e+00  1.3510175768e+00  7.1536177816e-02
3.5250000000e+00  1.3019890495e+00  6.4559304217e-02
3.5750000000e+00  1.2500543931e+00  5.7651436743e-02
3.6250000000e+00  1.2069265322e+00  5.0979085664e-02
3.6750000000e+00  1.1666073577e+00  4.8601180000e-02
3.7250000000e+00  1.1314307301e+00  4.4241843717e-02
3.7750000000e+00  1.0973777920e+00  4.3891559227e-02
3.8250000000e+00  1.0716712154e+00  4.1675926402e-02
3.8750000000e+00  1.0540623366e+00  4.2044548161e-02
3.9250000000e+00  1.0350307098e+00  4.0598517213e-02
3.9750000000e+00  1.0226832798e+00  3.8608061440e-02
4.0250000000e+00  1.0143690320e+00  3.8853381873e-02
4.0750000000e+00  1.0022664562e+00  3.7591414286e-02
4.1250000000e+00  9.9125857551e-01  3.8217454873e-02
4.1750000000e+00  9.8463587604e-01  3.7618538760e-02
4.2250000000e+00  9.7831598056e-01  3.6660394890e-02
4.2750000000e+00  9.6909458082e-01  3.6657770378e-02
4.3250000000e+00  9.6512020518e-01  3.3205763772e-02
4.3750000000e+00  9.5888441459e-01  3.5083291044e-02
4.4250000000e+00  9.5901381891e-01  3.5680885008e-02
4.4750000000e+00  9.5372304998e-01  3.3309132388e-02
4.5250000000e+00  9.5105631307e-01  3.4756965097e-02
4.5750000000e+00  9.5303960819e-01  3.2308424723e-02
4.6250000000e+00  9.5281243076e-01  3.3844544080e-02
4.6750000000e+00  9.5218683004e-01  3.2991161994e-02
4.7250000000e+00  9.5256004831e-01  2.9897997986e-02
4.7750000000e+00  9.5332247379e-01  3.0276095690e-02
4.8250000000e+00  9.5818857447e-01  3.1673569682e-02
4.8750000000e+00  9.6121099892e-01  3.1132437565e-02
4.9250000000e+00  9.6260181599e-01  3.0889726950e-02
4.9750000000e+00  9.6454339657e-01  3.1519008273e-02
