2.5000000000e-02  0.0000000000e+00  0.0000000000e+00
7.5000000000e-02  0.0000000000e+00  0.0000000000e+00
1.2500000000e-01  0.0000000000e+00  0.0000000000e+00
1.7500000000e-01  0.0000000000e+00  0.0000000000e+00
2.2500000000e-01  0.0000000000e+00  0.0000000000e+00
2.7500000000e-01  1.2592497613e-03  3.9840879399e-02
3.2500000000e-01  0.0000000000e+00  0.0000000000e+00
3.7500000000e-01  0.0000000000e+00  0.0000000000e+00
4.2500000000e-01  1.0561449611e-03  3.3414931109e-02
4.7500000000e-01  2.1142385291e-03  5.5147174639e-02
5.2500000000e-01  6.9239714971e-04  2.1906465410e-02
5.7500000000e-01  0.0000000000e+00  0.0000000000e+00
6.2500000000e-01  9.7732817294e-04  2.4438083147e-02
6.7500000000e-01  1.6759302125e-03  4.1906621558e-02
7.2500000000e-01  9.0801686432e-04  1.9044112852e-02
7.7500000000e-01  2.2250821025e-03  4.0811153996e-02
8.2500000000e-01  2.1038873001e-03  4.3222780563e-02
8.7500000000e-01  3.3666775446e-03  6.3432272417e-02
9.2500000000e-01  3.3473727832e-03  6.2496984180e-02
9.7500000000e-01  2.2094811763e-03  3.8872837221e-02
1.0250000000e+00  2.1809686587e-03  3.3721311917e-02
1.0750000000e+00  2.8916441887e-03  4.3899852217e-02
1.1250000000e+00  3.3947516606e-03  5.3661818001e-02
1.1750000000e+00  2.7662457037e-03  4.4777671515e-02
1.2250000000e+00  2.8632025389e-03  4.2581036966e-02
1.2750000000e+00  3.6415618417e-03  5.4969970378e-02
1.3250000000e+00  3.8070341620e-03  5.7848214185e-02
1.3750000000e+00  3.6362293680e-03  5.4090585030e-02
1.4250000000e+00  3.8557741973e-03  4.9707772725e-02
1.4750000000e+00  4.7837986910e-03  5.9415925279e-02
1.5250000000e+00  4.1468163941e-03  5.5274381100e-02
1.5750000000e+00  4.5420973923e-03  6.1674508253e-02
1.6250000000e+00  4.0861045426e-03  5.5443632061e-02
1.6750000000e+00  5.0710328225e-03  6.2138241609e-02
1.7250000000e+00  6.3216383284e-03  7.5906529670e-02
1.7750000000e+00  5.2734622376e-03  5.8274611947e-02
1.8250000000e+00  7.0813502338e-03  7.7304253446e-02
1.8750000000e+00  6.6272533064e-03  6.8395734751e-02
1.9250000000e+00  7.2408985037e-03  7.2792905999e-02
1.9750000000e+00  6.8299705596e-03  6.8565937620e-02
2.0250000000e+00  9.3843662865e-03  9.1546784479e-02
2.0750000000e+00  8.2278945599e-03  7.8849884088e-02
2.1250000000e+00  9.1563421931e-03  8.3330079669e-02
2.1750000000e+00  1.1909304154e-02  1.0289364062e-01
2.2250000000e+00  1.4273334275e-02  1.1237101049e-01
2.2750000000e+00  1.4040300309e-02  1.1175728463e-01
2.3250000000e+00  1.9660951684e-02  1.4418059582e-01
2.3750000000e+00  2.1008765666e-02  1.3924116771e-01
2.4250000000e+00  2.8692586633e-02  1.6190078711e-01
2.4750000000e+00  6.0904622824e-02  1.7668010456e-01
2.5250000000e+00  2.2657739712e-01  1.9600787458e-01
2.5750000000e+00  6.7270255367e-01  1.7890157541e-01
2.6250000000e+00  1.3892774642e+00  1.7035524279e-01
2.6750000000e+00  2.1094379495e+00  2.1040596645e-01
2.7250000000e+00  2.5397029936e+00  2.5669444288e-01
2.7750000000e+00  2.6801766448e+00  2.6254639537e-01
2.8250000000e+00  2.5868870275e+00  2.4358974352e-01
2.8750000000e+00  2.3102380965e+00  2.1480409199e-01
2.9250000000e+00  2.0095351029e+00  1.7931689335e-01
2.9750000000e+00  1.7065439078e+00  1.7861303537e-01
3.0250000000e+00  1.4660144209e+00  1.6940315660e-01
3.0750000000e+00  1.2806360327e+00  1.6668764000e-01
3.1250000000e+00  1.1520678244e+00  1.7025539767e-01
3.1750000000e+00  1.0724372434e+00  1.5460426567e-01
3.2250000000e+00  1.0159836125e+00  1.4702060132e-01
3.2750000000e+00  9.6505091964e-01  1.3312350192e-01
3.3250000000e+00  9.4816514447e-01  1.2787672778e-01
3.3750000000e+00  9.3069206951e-01  1.2368005830e-01
3.4250000000e+00  9.1429986112e-01  1.0137097795e-01
3.4750000000e+00  9.0774267343e-01  1.0836730307e-01
3.5250000000e+00  9.1049356847e-01  1.0071603236e-01
3.5750000000e+00  9.1449982174e-01  8.6511550244e-02
3.6250000000e+00  9.2111576624e-01  9.1835515802e-02
3.6750000000e+00  9.2260234812e-01  8.4872355949e-02
3.7250000000e+00  9.3164706117e-01  8.0500167955e-02
3.7750000000e+00  9.4343682822e-01  7.8940837211e-02
3.8250000000e+00  9.4820624826e-01  7.4195959838e-02
3.8750000000e+00  9.5059813351e-01  7.3089462278e-02
3.9250000000e+00  9.6555943577e-01  7.9110909403e-02
3.9750000000e+00  9.7275752334e-01  8.0659882121e-02
4.0250000000e+00  9.8285645406e-01  8.5601285821e-02
4.0750000000e+00  9.9444711051e-01  8.8228922928e-02
4.1250000000e+00  9.9766469029e-01  9.0015897500e-02
4.1750000000e+00  1.0116800060e+00  9.1031078956e-02
4.2250000000e+00  1.0145709075e+00  9.5025524747e-02
4.2750000000e+00  1.0094114736e+00  9.0849143992e-02
4.3250000000e+00  1.0185937075e+00  9.3633523236e-02
4.3750000000e+00  1.0132854270e+00  9.1247003547e-02
4.4250000000e+00  1.0227617772e+00  9.0039011598e-02
4.4750000000e+00  1.0268097888e+00  9.0042207894e-02
4.5250000000e+00  1.0259016735e+00  8.9403033434e-02
4.5750000000e+00  1.0295918739e+00  8.7299284622e-02
4.6250000000e+00  1.0302853943e+00  8.2448732453e-02
4.6750000000e+00  1.0314653698e+00  8.0782959552e-02
4.7250000000e+00  1.0373992454e+00  8.0355998283e-02
4.7750000000e+00  1.0325024221e+00  7.8608959429e-02
4.8250000000e+00  1.0360918354e+00  7.1062013103e-02
4.8750000000e+00  1.0294410733e+00  6.7176936793e-02
4.9250000000e+00  1.0275618656e+00  6.4073366748e-02
4.9750000000e+00  1.0174013921e+00  6.2016911671e-02
5.0250000000e+00  1.0097769697e+00  6.2583773483e-02
5.0750000000e+00  9.9867616248e-01  6.2641651738e-02
5.1250000000e+00  9.9502732755e-01  6.4613361118e-02
5.1750000000e+00  9.9145717494e-01  6.4656508150e-02
5.2250000000e+00  9.8698382685e-01  6.7123070678e-02
5.2750000000e+00  9.7765883452e-01  6.7467312022e-02
5.3250000000e+00  9.7064349755e-01  6.5441735356e-02
5.3750000000e+00  9.6578129387e-01  6.2361247221e-02
5.4250000000e+00  9.6827852694e-01  6.7103877246e-02
5.4750000000e+00  9.6246411616e-01  6.5391210987e-02
5.5250000000e+00  9.5550249998e-01  6.8887923195e-02
5.5750000000e+00  9.5196516783e-01  7.2727950524e-02
5.6250000000e+00  9.5168265852e-01  6.9345001510e-02
5.6750000000e+00  9.4924600829e-01  6.7163752167e-02
5.7250000000e+00  9.5208067343e-01  6.5925509924e-02
5.7750000000e+00  9.5221285236e-01  6.1355868463e-02
5.8250000000e+00  9.5457552326e-01  6.2885202912e-02
5.8750000000e+00  9.5339742465e-01  6.0443952976e-02
5.9250000000e+00  9.6059895334e-01  5.9481487454e-02
5.9750000000e+00  9.5702455713e-01  5.8106073040e-02
6.0250000000e+00  9.6544208454e-01  5.6792421890e-02
6.0750000000e+00  9.7217576092e-01  5.1105190252e-02
6.1250000000e+00  9.7555566253e-01  5.1730305001e-02
6.1750000000e+00  9.8283124267e-01  5.1813661645e-02
6.2250000000e+00  9.8846424120e-01  4.8806486636e-02
6.2750000000e+00  9.8949621482e-01  4.8265677122e-02
6.3250000000e+00  9.9943789441e-01  4.7864939477e-02
6.3750000000e+00  1.0043746815e+00  4.7074727600e-02
6.4250000000e+00  1.0132867896e+00  4.8805833230e-02
6.4750000000e+00  1.0112661371e+00  4.9311260506e-02
6.5250000000e+00  1.0212975727e+00  5.0398989540e-02
6.5750000000e+00  1.0231525801e+00  4.9011387959e-02
6.6250000000e+00  1.0294609831e+00  5.0287787214e-02
6.6750000000e+00  1.0348061494e+00  5.2313792823e-02
6.7250000000e+00  1.0309053715e+00  4.8666004019e-02
6.7750000000e+00  1.0391853891e+00  5.0916225099e-02
6.8250000000e+00  1.0389107450e+00  4.9904298895e-02
6.8750000000e+00  1.0365077295e+00  4.9900952578e-02
6.9250000000e+00  1.0359054800e+00  5.2586231478e-02
6.9750000000e+00  1.0321656439e+00  4.7435134484e-02
7.0250000000e+00  1.0344969944e+00  4.8798736459e-02
7.0750000000e+00  1.0295647180e+00  4.5135620475e-02
7.1250000000e+00  1.0271138820e+00  4.6302439380e-02
7.1750000000e+00  1.0213237966e+00  4.5052333341e-02
7.2250000000e+00  1.0182110113e+00  4.4395283160e-02
7.2750000000e+00  1.0172774180e+00  4.2781731833e-02
7.3250000000e+00  1.0152349801e+00  4.1981762787e-02
7.3750000000e+00  1.0179683119e+00  4.1978873681e-02
7.4250000000e+00  1.0164657145e+00  4.2625940259e-02
7.4750000000e+00  1.0116222237e+00  4.1476149178e-02
7.5250000000e+00  1.0087330189e+00  4.0094658382e-02
7.5750000000e+00  1.0034868390e+00  3.9957951617e-02
7.6250000000e+00  1.0004032471e+00  4.0176393149e-02
7.6750000000e+00  9.9781711556e-01  3.9903121117e-02
7.7250000000e+00  9.9880954553e-01  4.1778525793e-02
7.7750000000e+00  9.9687900390e-01  4.0923708812e-02
7.8250000000e+00  9.9505176803e-01  3.8761529297e-02
7.8750000000e+00  9.9003379049e-01  3.9676516521e-02
7.9250000000e+00  9.9342682669e-01  3.7508578551e-02
7.9750000000e+00  9.9153728129e-01  3.8031643630e-02
8.0250000000e+00  9.9247785986e-01  3.8252186665e-02
8.0750000000e+00  9.9262648080e-01  3.7706498897e-02
8.1250000000e+00  9.9012726857e-01  3.5938310274e-02
8.1750000000e+00  9.9089830949e-01  4.0040307873e-02
8.2250000000e+00  9.9053574935e-01  3.7820909432e-02
8.2750000000e+00  9.9175374837e-01  3.6510286139e-02
8.3250000000e+00  9.9306401203e-01  3.7668649586e-02
8.3750000000e+00  9.9073942407e-01  3.5854551849e-02
8.4250000000e+00  9.9021341596e-01  3.6608195279e-02
8.4750000000e+00  9.9426947381e-01  3.6135249179e-02
8.5250000000e+00  9.9399464908e-01  3.7186954632e-02
8.5750000000e+00  9.9430405107e-01  3.5542877241e-02
8.6250000000e+00  9.9427248751e-01  3.3562636531e-02
8.6750000000e+00  9.9448774056e-01  3.5759995809e-02
8.7250000000e+00  9.9346365770e-01  3.3333817551e-02
8.7750000000e+00  9.9366323271e-01  3.4178807580e-02
8.8250000000e+00  9.9755509985e-01  3.3490371450e-02
8.8750000000e+00  9.9810912001e-01  3.3429165662e-02
8.9250000000e+00  9.9589199436e-01  3.4165421071e-02
8.9750000000e+00  9.9754588425e-01  3.4050611831e-02
9.0250000000e+00  1.0002522161e+00  3.4564204709e-02
9.0750000000e+00  1.0007722438e+00  3.3451006251e-02
9.1250000000e+00  9.9808192288e-01  3.4302081994e-02
9.1750000000e+00  1.0017306982e+00  3.4109837295e-02
9.2250000000e+00  9.9949894500e-01  3.3908455485e-02
9.2750000000e+00  9.9944376484e-01  3.4112307829e-02
9.3250000000e+00  1.0002031496e+00  3.4545013134e-02
9.3750000000e+00  1.0010655328e+00  3.3893633619e-02
9.4250000000e+00  1.0018931415e+00  3.3486344803e-02
9.4750000000e+00  1.0030687922e+00  3.3715443444e-02
9.5250000000e+00  1.0017784851e+00  3.2196565916e-02
9.5750000000e+00  1.0002614126e+00  3.4081501623e-02
9.6250000000e+00  1.0011193279e+00  3.1967887698e-02
9.6750000000e+00  1.0010828543e+00  3.1930176951e-02
9.7250000000e+00  1.0033619458e+00  3.2144006251e-02
9.7750000000e+00  1.0037372319e+00  2.9666819203e-02
9.8250000000e+00  1.0024384713e+00  3.2297549279e-02
9.8750000000e+00  1.0038133163e+00  3.0633288110e-02
9.9250000000e+00  1.0001084283e+00  3.0102237017e-02
9.9750000000e+00  1.0041289615e+00  2.9386347047e-02
